0000000000000000000000000000000000000000000000000000000000000000000000000000000000000000000000000000
0000000000000000000000000000000000000000000000000000000000000000000000000000000000000000000000000000
0000000000000000000000000000007117541711170000000411717000000000000000000000000000000000000000000000
0000000000071117000004111700476000360000031717004700003711541170000000004711111150000000000000000000
0000000000460003500047000371700000000000000003176000000000360037000000002000000037500000000000000000
0000000000200000350020000000000415000000000000000000000000000002000000047000000000317500000000000000
0000000000750000035075000000000207111700071500041700000000000002000711170000000000000317000000000000
0000000000020000007503500000000200000370020700070200047111500716004600000000000000000003500000000000
0000000000035000000370700000000317500037071600037311160000711600076000000000000000000000200000000000
0000000000007000000037350000000000370002000000002000000000000000035000000000004750000000350000000000
0000007111702000000002075000000000020003500000002000000000000000007500004700476037000000070000000000
0000002000376004117007007000000000460000200000002000000000004700000350047371600002000000035715000000
0000416000000002003702003717000007600004641170076000000004746350000071170000000002000000003607117000
0000700000000002000207500003700002000076070035020000004116370020000000000000000047000000000000002000
0000200000000076004600350000200007041160460007020000002000007160000000000000000760000000000000007000
0000370000000020047000037000700003170000750046031711116000002000071150000000004600000000000000002000
0000031111750020470000003700200000000000031160000000000000007004160075000000046000000000470000002000
0000000000070070200000000200700000000000000000000000000000003507000003500000020000000004631700047000
0000000000020460700000000200200000041170000000000000000000000716000000717500470417500002000200760000
0000411157170700200000000711600000020020000000000000411500000000000000000311704600350007504700200000
0000700036000200375000000000000000070020000000000004700715000000000000000000007000020000376000200000
0000200000004600002000000000000000037170000000000047000003700000000000000000002000460000000000200000
0004700000046000076000000000000000000000000000000020000000350004175000000000002004700004117004700000
0007000000020000460000000000000000000000000000000075000000035007502000000000003176000002002002000000
0003700000075007600000000000000000000000000000000007000000003500247000000000000000000002007507500000
0000200000007176000000000415000000000417500000715076000000000700370000000000000000000003500700750000
0000200000000000000000004607504117004600700004603160004717000200000000000000000000000000311600020000
0000200000000000000000076000202002002000200046000000047002007600000000000000000000041170000000070000
0000200000004115000000760000202002002000700075000000760047076000000000004111500000020035000000020000
0000200000047007500000350004607117003500200007000000200020020000000417047000350000020007500000020000
0000700000460000200000037003750000000200200002000004700070020000000203160000070000075000200007170000
0000370000700004700000002000037000000200370007115076000460020000004600000000037000003174700046000000
0000035000350076000000002000002047111700020000007160041700035000003715000000002000000037000020000000
0000003700071760000000007500003760000000760000000000470000007500000007117000046000000000000020000000
0000000200000000000000000200000000000004600000000000700000000350000000003711170000000000000020000000
0000007600000075000000007600000000000076000000000047600000000020000000000000000000000000000070000000
0000046000000763700000002000000000000760000000000070000000000070000000000000000000000000000035000000
0000020000000200200000007000000000071600000000000035000000000020000000000000000000000000000003500000
0000020000000350200000046000000004760000000000000007000000000470000471700000000000000415000000200000
0000760000000037600000460007111117000000000047000003700000000700004700200047000000417607000000200000
0007600071500000000000700002000000000750000022000000317000007600076000311163700041600002000041700000
0002000460750000000000200003500000000235000076000000003150076000760471700000350460417547000020000000
0002000200075000000000375000370041117603500000000000000071160004604600200000071604700370000035000000
0002000700002000000000002000035070000000700000711150000000000047047000750000000007000000000002000000
0003700200007000000000002000047020000047600000200070000000000070470000020000000002000000000003500000
0000200375046000000000002000075070000760000000750020000047507160200000031117000007000000000000750000
0000700003160000000000002000007020000200000000070070000020203500700000000003500003700000000000020000
0000200000000000000000002000002075000370000000020460000071600700350000000000700000375000000000020000
0004700000000000000000007000007503500035000000020700000000000370037000000000200000003700000000070000
0007500000000000000000002000000370370002047500470350475000000020002000041700700000000311700000020000
0000317000000000000000002000000035037116070717600020202000007170076000020200200041500000350000470000
0000003170000047000000007500000003700000037000000020202000046000020000037607600070370000037000200000
0000000037500473500750000350000004600000002000000070716000070000020000000003500760031115002000200000
0000000000200700711670000075000047000000002000000020000000020004170000000000707600000003507000200000
0000000000200315000020000003500760000000002000000460000000020003500000000047676000041700316000350000
0000000000350003711760000000207600000000003700000200000000760000754717000070020004760317000000070000
0000000000035000000000000000202000000000000200000200004711600000037002000020470047000002004500020000
0000000000007115000000717000317000000004170200004600046000000000000076000470200020000076046357170000
0000000000000007500000202000000000000046031700047000470000000000000760004700350031150760470036000000
0000000000000000200004707500000000000020000000075000700000000000000200076000020000071600200000000000
0000000417000007600007500200000000000070000000003117600000000000004600460000070000000000200411700000
0000004603500002000000200200000000000037000000000000000000000000047004700047020000047500371700350000
0000002000700002000000317600000000415002000000000000000000000000070007504173160004760350000000075000
0000007500200002000000000000000000707002000007175000000000000000035000376000000047000075000717007000
0000000200200076000000000000000000202007000076003500000000000000002000000000000020000002004603502000
0000000200200460000471700000000000753703150020000315000000750000007500000000000020000076047000207000
0000000700207600000700350000000000020200075020000003500007675000000700047500000037000020035004702000
0000007600202000000200070000000000071600007070000000200046003171500315470350000003500470003117003700
0000046000702000000200037000000000000000002020000007600070000000200007600075000000311700000000000200
0000460000207000000200003700000000000000007020000002000020000004700000000003700000000000000000004700
0000200000703700470700000370000000000000046070000007500460000002000000000000200000000000000000002000
0000200000370370237317500020000000004700460037000000317600000076041750000007600000000000000000002000
0000200000035020702000311170000750002350700003500000000000000020020035000046000000000000000000076000
0000700000007170376000000000000370046037600000311700000000000470470003150020000000000000000000020000
0000200000000000000000000000000000020000000000000370000000004600200000031760000000000411115000070000
0007600000000000000000000000000000020000000000000037000000003700200000000000000000004600007150760000
0003500004500000000000000000000000037175000000000002000000000200200000000004111700717000000037600000
0000370047350000000000000000000000000007170047150046000000000350200000004716000311600000000000000000
0000020470075000000000000000000000000000020020075470000000000070200000007000000071500000000000000000
0000037600007500000000000000000000000000020070007600000000000460700000003711171160370000000000000000
0000000000000311150000000000000000000000071760000000000000000200200000000000000000035000071175000000
0000000000000000035000000000000000000450000000000000000000004700200004717000000000007111160003700000
0000000000000000007500000000000000000235000000000000000000002000200076002000000000000000000000370000
0000000000000000004700004500004715004707500045000000000000007150700020002000000000041170000000760000
0000000000000000002000416700047007507000700076000000071500000020350071547000000000760035000007600000
0000041117150000002000700200070004703700200000000000760700000075075000370000000000370002000076000000
0000760000075000007000200200460046000200200000000000200370000002002000000411500000020002000020000000
0000200000002000003700711600204170000711700000000000200020000007003700000700750000020007500071500000
0000200000047000000370000000202000000000000000000000750470000002000350007600020000035000200000750000
0000750000070000000460000007603500000000000000000000031700000003150071176000020000007000200000071500
0000037000031711111600000002000350715000000000717000000041700000071500000000020000002000200000000700
0000076000000000000000000002000031607150000000203500000470200000000700000000037000003500700000000200
0000460000041117500000000007500000000070000004600700000704600000000200000000002000000200375000000700
0000200000470000200000000000200000000020000046000350000376000000000750000000002000000750007500004600
0000200004700000371750000000200000000020000020000020000000000000000020000000002000000470000750047000
0000750417000000000035000004600000000031750020000020411117000715007160000000003500004700000071160000
0000031700000000000003111117000000000000071170000031700003717607176000000000000354116000000000000000
0000000000000000000000000000000000000000000000000000000000000000000000000000000076000000000000000000
0000000000000000000000000000000000000000000000000000000000000000000000000000000000000000000000000000
0000000000000000000000000000000000000000000000000000000000000000000000000000000000000000000000000000