2581
7264
2623
3154
4396
6311
1889
5479
9962
9509
1225
5780
7761
4205
8773
5615
7468
7858
6230
6860
5155
7315
3358
2464
2060
3721
9590
5105
8477
7082
2119
2690
3733
2624
1385
8792
3301
6994
3404
2914
2221
6830
6739
1394
9354
5912
2973
7705
6954
6854
3559
3216
3349
5355
3463
4543
8550
8540
8284
1118
7727
1178
2880
5417
9849
7840
3196
6574
6291
4516
3356
5788
1626
2054
6340
1930
9576
9103
9660
5445
9245
7550
4669
3422
9171
3854
3947
6876
1044
3058
7206
1195
9373
3131
7607
4215
9927
5921
5279
2419
3136
4424
6385
3738
5028
1042
3748
8268
3192
9543
2088
6100
5541
8240
6884
8856
9066
2231
7837
9493
6519
2900
3352
2823
7493
3194
8248
6182
5597
1969
1784
5982
5450
6191
3266
6114
2106
6609
2693
3146
9628
3134
7094
1812
3625
8616
5814
2760
7850
8589
2467
4686
2288
9329
7140
5232
3641
3132
2988
3168
4815
9117
3385
5787
8772
2226
1350
4875
8043
5282
8398
9723
2963
7323
9608
9904
2134
7382
8675
7507
9150
3738
8363
4499
4555
7606
5912
4288
6557
7824
5254
2126
2734
6601
5380
3349
9134
8851
8352
7681