27795249
27741868
27938527
27391517
27601458
27007401
27532619
27743561
27103849
27581135
27553251
27685009
27268949
27812345
27567857
27286410
27475845
27424230
27103587
27879775
27833545
27455166
27566208
27628996
27782141
27748583
27481778
27648802
27874461
27949165
27272748
27030740
27689562
27406643
27603561
27335961
27787691
27880775
27974246
27724727
27625926
27355621
27625813
27357662
27445910
27502686
27382328
27980215
27763430
27896939
27312057
27052911
27771682
27825095
27931502
27785169
27781081
27836122
27767659
27822380
27534136
27064235
27689935
27269792
27118893
27512070
27134555
27938480
27247061
27886784
27403974
27976910
27224070
27909564
27033504
27364572
27492981
27315203
27073013
27761129
27453477
27422506
27454757
27953675
27211378
27238259
27486979
27612530
27544438
27523432
27387115
27984019
27432701
27645376
27022947
27152712
27111508
27090553
27335997
27358453
27602675
27834200
27979329
27109155
27901052
27097117
27048207
27229982
27316520
27371842
27610433
27080182
27199479
27467976
27653978
27071265
27109264
27450852
27504657
27667234
27516672
27966248
27504857
27163756
27836423
27041924
27484078
27139554
27623897
27646044
27243289
27715688
27982375
27664259
27791198
27578920
27702240
27853911
27077525
27039514
27810365
27439462
27200795
27765826
27752899
27268083
27884116
27542499
27197910
27337725
27822164
27952923
27680413
27415128
27758431
27922486
27371449
27238523
27259841
27289952
27217087
27464549
27346596
27000629
27186699
27927122
27168108
27238660
27639146
27954366
27536400
27068182
27401849
27597250
27918787
27151552
27292925
27010399
27295392
27128230
27728153
27550408
27384871
27065514
27348392
27988305
27452363
27823230
27593441
27973369
27698949
27645356
27573969
27422213
27930750
27997036
27255374
27396355
27735229
27297165
27091710
27534014
27895252
27089273
27794174
27814808
27531302
27129000
27962513
27457179
27604664
27799802
27107078
27326536
27476564
27863739
27865488
27510099
27470822
27596201
27204125
27353289
27852294
27581379
27621143
27161039
27900972
27240935
27164018
27486529
27524939
27623067
27917128
27334279
27097405
27347699
27148055
27280953
27744397
27314739
27687146
27127223
27692721
27035258
27855510
27821206
27218894
27990814
27636360
27497588
27104274
27706494
27996347
27128443
27742801
27616714
27153005
27810882
27120459
27878205
27520933
27832209
27970881
27297824
27816860
27894692
27844496
27858669
27112885
27898234
27926411
27093123
27761210
27263631
27251056
27522055
27552758
27493586
27745792
27724580
27810966
27203427
27213130
27695189
27880627
27746504
27527733
27132413
27668507
27494062
27672040
27938255
27672031
27451990
27359482
27460087
27040228
27778580
27517717
27321705
27313175
27094514
27243763
27568092
27734922
27548732
27237226
27105227
27803465
27240584
27923784
27807067
27846498
27656424
27230934
27711925
27559165
27944892
27467962
27442386
27676343
27905755
27857550
27840840
27979289
27416742
27068614
27775446
27966688
27318636
27661919
27710866
27499403
27657909
27407343
27808337
27975991
27171672
27204345
27611510
27039640
27285959
27361320
27360752
27756762
27969609
27910476
27324225
27305777
27607449
27742602
27626552
27614825
27149088
27945149
27925305
27817080
27343477
27202536
27676002
27218089
27512259
27904990
27063221
27531115
27034860
27133268
27150420
27622193
27708010
27675132
27661889
27803406
27514589
27239537
27553742
27060742
27448790
27030918
27979625
27722400
27348654
27430135
27737462
27779690
27071179
27785254
27305468
27261245
27745845
27747355
27054512
27621851
27994780
27430370
27024684
27578693
27653876
27117949
27674738
27331171
27687478
27852933
27034609
27275505
27323584
27854899
27851012
27202447
27572880
27063073
27828236
27543598
27193250
27564760
27227580
27741958
27118775
27249270
27716219
27754520
27553113
27681166
27971882
27197559
27492864
27009051
27569894
27866670
27160859
27405139
27591189
27645559
27513854
27088359
27410066
27426995
27912595
27258846
27080733
27311598
27958743
27450152
27115155
27297516
27594673
27775590
27729799
27795865
27729960
27396352
27345729
27927284
27240908
27090171
27051589
27260793
27102255
27322680
27217854
27284589
27391379
27161530
27078896
27798468
27082600
27724447
27293187
27353093
27231065
27895103
27949946
27077278
27622863
27334527
27632359
27265586
27032788
27835884
27127479
27412582
27510190
27224231
27673555
27768276
27621972
27197223
27092914
27544470
27578620
27492896
27400670
27791938
27802774
27810407
27039728
27334821
27413855
27884270
27420191