76 39 41 51
75 45 81 18
46 58 78 98
55 54 24 47
11 96 77 76
59 94 25 26
89 83 13 30
53 32 43 64
40 19 64 44
94 41 73 45
16 22 87 85
74 88 31 22
86 43 79 62
32 51 29 40
74 71 48 44
91 82 29 63
31 65 43 90
42 63 93 75
77 38 20 40
14 31 37 76
92 16 38 17
78 57 85 48
97 40 75 33
16 16 56 21
41 90 54 28
60 29 60 13
79 12 93 17
85 74 87 96
53 99 27 72
41 88 97 39
13 39 84 33
34 59 70 30
39 26 14 45
78 72 88 49
95 39 56 58
83 27 87 81
61 71 86 73
58 21 33 19
26 56 30 24
36 80 70 68
59 66 33 21
90 11 38 50
87 68 58 21
61 60 34 61
99 92 37 92
23 23 37 65
64 38 42 47
46 44 57 44
46 99 42 69
62 86 19 89
78 73 94 97
25 53 83 79
62 19 94 54
27 27 80 42
93 18 64 45
31 69 37 20
84 13 50 48
52 16 48 55
10 49 86 98
26 67 67 29
52 25 35 12
35 77 68 33
55 15 82 72
40 66 49 62
92 38 11 95
76 32 69 36
28 19 24 35
61 47 70 98
52 90 28 12
89 23 53 42
96 43 45 69
35 37 26 14
41 46 11 91
27 80 36 10
75 12 68 63
12 20 11 18
63 18 66 73
24 71 24 34
31 22 13 98
56 93 85 46
10 15 52 23
74 82 81 57
10 81 54 67
59 47 80 72
96 51 34 91
57 65 55 21
77 50 88 34
17 49 28 25
22 70 36 50
17 17 71 25
35 83 82 97
67 32 36 20
84 22 66 95
43 28 18 20
51 79 23 30
29 84 91 15
89 14 30 15
44 15 14 60
99 65 32 95