1004 1004 1008 1003
1009 1006 1000 1001
1005 1000 1000 1008
6245 1003 1004 1009
1000 1003 1007 7992
1008 1005 1003 1005
1008 1002 1009 1000
7044 1006 1000 1000
1004 1006 1007 1006
1002 1000 1002 1006
1001 1000 1005 1002
3943 1006 1004 1007
1001 6002 1001 1006
1006 1007 1003 1004
1005 1007 1004 1006
1001 1003 1000 9709
1009 1008 1003 1003
1004 1001 1008 1000
1002 1001 1000 1004
1002 1002 1001 1000
1004 1009 1000 1004
1002 5485 2501 1000
1001 1008 1003 1002
1000 1006 1005 5707
1005 1004 1003 1003
1008 6914 1005 1008
1006 1004 1008 1003
1001 1000 1005 1000
7325 1003 1003 1002
1002 1001 8570 1004
6674 1001 1008 1005
1000 1002 1002 1005
1005 1005 6619 1000
1009 1005 1005 1000
2822 1009 1004 1002
1001 1000 1009 1004
7536 1006 1004 1001
1007 1004 1000 1001
1006 1008 7465 1005
1004 1007 1002 1001
3639 1007 1004 1003
1002 1004 1000 1001
1008 1009 1001 1001
1003 1001 1002 1001
1001 1007 1007 1008
1001 1009 1003 1007
1005 1000 1002 1007
1003 1008 1007 1005
1002 1000 6261 1008
1007 1008 1002 8385