163820
125806
145044
129314
104013
137445
108629
122337
150513
127967
141415
197654
166142
149638
120910
183541
195872
134185
186268
151133
157361
128117
196921
150144
102599
127126
162942
173301
119745
101359
144371
104471
143956
172183
140096
158208
128537
171433
108394
165710
162567
100609
162985
193641
170979
125468
186509
110411
140568
133572
184926
142300
151242
133981
127757
173234
197344
165228
136970
143464
195994
195164
127275
192445
100503
183333
165790
148745
122457
170142
142429
145267
178226
192708
161362
120475
128300
107977
126499
107508
122706
112772
158267
166502
129724
197282
153574
146960
190834
135354
189604
133392
157843
170248
109564
155351
154340
187533
123727
188745