78
97
113
83
113
25
35
65
84
111
30
24
113
80
33
27
104
88
59
102
80
89
91
113
32
85
66
78
74
88
36
81
78
75
39
104
34
34
37
119
36
61
64
74
69
44
113
35
68
32
43
83
68
64
107
37
64
52
82
73
26
47
77
104
45
37
101
52
106
99
23
73
111
65
63
35
22
28
24
113
44
74
103
101
38
87
45
29
82
43
118
119
96
90
72
93
103
43
26
55
69
66
85
69
73
58
65
48
47
77
62
88
50
86
77
51
79
84
58
85
82
57
60
71
87
64
56
70
78
46
46
65
58
74
51
53
74
46
87
70
69
52
81
78
69
84
83
89
54
55
67
45
82
62
78
49
60
68
62
53
85
55
68
89
67
71
86
79
66
80
78
83
52
54
48
45
69
47
52
56
74
52
87
56
64
69
69
59
71
60
54
66
71
63
48
54
51
76
70
51