362 353 390 259 331 489 41 68 245 468 115 623 430 318 3 496 207 569 348 367 138 30 108 539 192
85 523 332 308 333 304 289 300 177 221 444 612 255 224 389 337 545 487 439 266 298 434 419 157 374
363 50 191 99 541 449 234 297 405 287 10 466 134 236 197 605 40 105 243 483 509 283 565 76 323
358 5 218 278 398 609 503 1 379 440 195 44 385 103 361 121 96 95 98 549 248 615 233 92 542
151 153 208 141 246 470 392 129 401 190 16 414 155 306 624 551 162 217 425 525 6 179 64 589 188
260 4 63 574 482 404 437 591 423 143 212 558 350 84 428 570 15 48 494 571 613 126 510 513 386
216 193 486 592 520 9 435 469 346 429 222 127 231 395 100 310 94 505 555 325 79 227 258 31 11
59 128 566 467 139 432 438 37 270 516 130 198 445 534 254 173 118 200 82 18 572 339 291 80 154
21 53 56 383 342 312 382 377 409 180 546 527 229 504 69 559 223 578 599 573 269 357 87 77 461
2 598 424 479 529 293 587 66 507 123 327 309 12 302 481 184 38 530 441 247 220 579 181 601 372
476 165 17 547 97 378 58 560 280 74 480 279 596 70 433 370 7 431 581 172 415 620 400 347 519
150 594 454 556 241 282 511 622 484 349 535 340 485 158 457 360 170 28 553 303 422 265 257 313 168
394 603 90 550 46 418 606 317 341 538 272 110 582 600 380 156 531 528 590 326 286 375 450 320 62
403 359 595 296 407 584 284 49 368 111 391 376 281 561 43 299 187 420 124 548 329 178 387 588 205
465 557 13 107 117 228 301 322 277 345 71 426 249 371 214 471 463 140 78 268 625 321 517 564 388
416 512 132 448 526 455 91 544 412 285 475 104 608 22 29 250 621 230 183 336 311 182 215 597 47
194 586 305 585 583 60 413 366 120 27 365 554 460 355 508 294 459 536 83 369 502 116 446 203 458
537 149 488 610 427 225 607 189 253 26 235 602 238 576 163 506 334 112 271 89 364 354 113 575 196
421 142 146 495 307 411 25 24 267 72 239 167 408 288 73 159 213 328 406 478 493 462 8 356 166
491 577 335 67 209 75 34 242 33 552 274 614 593 295 136 206 447 442 135 543 616 119 148 106 533
39 316 373 23 501 52 251 42 436 122 290 619 402 417 314 452 456 32 515 443 65 344 171 86 185
232 186 618 20 477 147 51 36 292 604 381 19 562 125 88 176 464 237 211 396 497 315 540 451 567
101 35 133 14 384 45 102 54 351 514 261 273 174 219 164 252 472 397 324 161 500 263 204 410 474
57 453 330 532 244 256 145 81 160 137 343 568 144 521 210 524 93 114 498 201 226 319 199 61 202
152 55 393 499 492 563 109 175 352 518 276 611 522 169 580 473 490 240 338 131 399 262 264 617 275

336 408 455 102 148 175 552 529 521 27 194 210 285 341 74 101 253 307 200 258 184 278 475 471 153
571 283 159 130 126 10 89 493 47 370 131 465 418 266 232 553 497 352 243 444 435 160 428 189 343
183 86 316 464 393 544 25 310 589 624 29 198 391 409 344 397 204 383 594 538 223 567 346 522 333
197 262 80 325 569 69 563 565 156 566 324 95 371 328 217 8 407 404 60 414 487 124 100 380 519
443 177 539 419 548 545 434 615 44 514 423 622 84 374 275 349 22 322 592 445 162 30 70 456 41
596 73 118 227 269 75 395 134 125 366 193 207 339 479 242 415 432 186 179 583 442 308 265 142 579
606 329 492 405 462 337 530 523 81 192 403 495 382 384 33 24 572 550 129 575 453 516 321 597 448
289 221 334 257 520 533 290 161 586 394 398 483 50 294 109 191 213 481 531 46 505 121 388 106 236
231 18 31 600 348 376 4 38 165 279 40 218 364 187 20 360 145 466 280 52 605 557 64 21 87
181 255 178 570 54 578 558 154 401 9 543 110 540 136 608 526 199 261 88 138 422 268 220 413 542
326 323 91 171 438 379 476 32 59 389 296 107 119 76 143 427 249 180 205 509 613 361 537 19 127
226 441 460 314 580 424 315 532 607 598 459 378 469 534 330 99 524 103 612 506 172 190 549 400 365
381 67 482 498 82 182 146 120 297 57 327 224 358 446 263 155 254 313 472 503 362 568 16 286 11
114 282 225 276 132 474 108 173 387 55 39 237 518 611 480 105 216 485 491 500 295 625 49 354 277
559 61 345 417 259 168 331 585 576 185 45 293 375 240 209 452 150 488 439 599 166 603 546 28 426
244 174 528 504 90 564 300 588 467 14 94 23 312 309 144 98 5 163 17 562 65 92 377 593 248
72 412 311 433 288 234 416 527 587 351 620 83 484 623 264 229 36 411 215 461 34 512 402 573 245
356 536 517 77 470 260 12 561 318 490 591 152 584 535 281 79 140 149 247 292 270 48 188 116 317
507 287 604 420 618 137 609 430 305 3 560 203 117 63 147 298 440 85 104 463 66 62 78 35 196
299 26 202 355 614 93 212 7 274 621 112 252 267 373 510 133 357 51 390 53 42 525 511 169 251
96 477 222 347 515 486 372 151 396 406 135 256 141 449 235 228 468 590 176 271 239 602 385 15 496
489 167 303 454 501 306 499 473 386 115 302 494 37 113 581 71 123 58 436 502 1 250 363 158 233
238 128 342 139 56 513 429 619 122 157 577 320 111 2 273 291 369 582 206 214 457 392 241 551 431
556 338 616 353 272 421 458 219 230 246 410 508 451 340 447 304 208 350 554 541 617 43 284 335 97
68 478 610 547 195 368 319 359 601 450 574 211 13 555 6 367 425 201 399 437 332 301 164 170 595