1:9,4,5,7,1,8,2,4,5,9,2,6,4,4,9,2,5,6,6,6,4,2,2,1,6,7,4,5,5,8
2:4,5,2,9,5,7,5,8,5,9,8,9,1,2,1,7,1,9,6,9,8,6,7,6,8,5,8,8,9,7
3:7,3,7,2,9,5,9,3,8,7,1,8,8,7,1,9,3,8,9,8,2,7,4,4,7,7,4,6,3,4
4:9,9,9,3,4,4,3,1,7,1,5,9,4,9,8,6,1,9,9,5,5,3,1,3,9,1,2,9,7,9
5:7,3,3,2,4,8,2,4,8,9,3,5,9,5,5,2,7,9,8,4,7,7,8,2,7,4,2,6,3,3
6:5,8,4,6,1,1,3,7,7,2,9,3,7,2,9,6,7,4,8,9,9,8,6,3,2,7,5,4,9,1
7:7,4,3,6,6,5,7,1,4,6,2,7,4,6,6,4,8,6,1,9,5,1,9,8,4,9,3,7,7,2
8:7,6,3,4,7,1,5,2,8,3,6,2,5,2,1,4,4,3,1,8,8,9,4,4,1,5,4,9,8,3
9:3,3,1,5,1,5,1,4,7,5,8,3,1,9,5,4,1,5,5,2,7,2,9,1,9,3,6,5,5,5
10:7,6,3,4,7,1,5,2,8,3,6,2,5,2,1,4,4,3,1,8,8,9,4,4,6,5,4,9,8,3
11:3,5,5,9,6,9,3,1,2,7,3,3,1,4,3,2,2,8,5,9,7,6,1,3,4,6,6,7,3,6
12:1,6,2,3,6,9,8,7,2,1,7,3,7,5,6,5,8,1,1,3,3,2,8,1,2,9,6,2,7,9
13:8,6,6,8,7,5,4,2,8,6,5,8,5,3,6,7,6,6,3,9,2,8,7,4,6,5,7,9,7,5
14:8,7,1,4,4,6,3,7,2,2,6,4,3,8,6,1,3,2,1,5,7,3,2,5,9,5,5,2,1,1
15:3,9,4,9,7,3,4,2,6,8,3,5,5,3,4,4,7,1,5,8,2,7,4,5,7,6,5,1,7,1
16:7,3,7,2,9,5,9,3,8,7,1,8,8,7,1,9,3,8,9,8,2,7,4,4,7,7,4,6,3,1
17:7,9,6,6,7,5,4,6,4,2,3,8,2,3,2,9,6,8,5,2,9,9,3,9,3,3,9,1,9,7
18:1,2,6,4,9,4,4,6,8,2,6,5,5,5,4,7,1,4,3,9,8,5,9,6,6,2,4,9,8,6
19:5,2,6,3,5,9,2,8,4,4,9,8,5,5,8,8,2,4,9,3,5,8,1,8,5,1,3,3,8,4
20:4,7,6,6,6,6,1,2,9,4,4,5,4,8,9,6,7,3,3,7,2,2,3,9,5,6,2,9,8,6
21:1,6,1,3,6,9,8,7,2,1,7,3,7,5,6,5,8,1,1,3,3,2,8,1,2,9,6,2,7,8
22:7,4,9,9,7,9,8,3,2,7,2,5,9,2,7,5,8,3,6,4,2,2,1,9,3,2,4,1,9,6
23:3,5,9,8,3,8,8,9,5,9,7,6,8,2,2,2,5,4,4,9,3,5,1,1,7,7,2,8,4,6
24:5,5,5,9,6,9,3,1,2,7,3,3,1,4,3,2,2,8,5,9,7,6,1,3,4,6,6,7,3,8
25:5,3,8,6,5,3,1,8,1,7,3,4,4,2,9,6,8,1,8,6,5,2,8,7,7,8,7,8,4,4
26:3,3,9,9,9,1,2,3,2,5,8,5,6,3,1,9,8,7,5,7,9,5,1,3,4,7,1,1,3,5
27:9,7,6,2,4,3,3,2,5,8,4,6,6,9,1,1,2,7,7,5,8,7,5,5,1,7,9,6,8,9
28:7,6,7,2,6,8,7,4,1,6,7,6,3,3,3,8,4,1,9,7,1,1,9,2,3,2,8,9,5,5
29:3,1,9,1,6,7,5,2,5,2,5,2,1,9,6,6,6,9,1,8,4,5,9,8,5,8,1,7,2,2
30:9,1,3,8,3,1,7,6,2,4,6,4,9,1,3,5,6,5,7,1,9,1,3,4,4,4,3,1,4,8
31:3,8,6,1,7,2,2,6,5,9,8,1,9,1,3,3,7,7,5,5,4,5,1,9,9,2,2,5,7,4
32:2,2,3,2,8,6,5,4,4,5,1,7,5,4,6,1,5,5,6,7,5,3,7,3,1,6,1,5,9,4
33:3,6,9,4,6,7,7,7,9,9,6,6,3,2,9,7,1,4,9,4,4,1,9,1,9,9,4,7,6,5
34:7,8,1,9,7,4,5,3,4,6,5,5,2,5,3,9,3,8,9,2,8,2,7,3,3,1,8,1,8,1
35:7,7,4,4,9,9,4,8,1,9,7,1,1,3,9,6,3,3,6,8,3,5,9,8,1,4,5,4,1,7
36:5,4,2,1,4,6,8,4,7,2,3,7,4,3,9,9,4,3,9,9,5,9,6,5,6,4,1,9,7,5
37:5,4,9,7,7,1,7,1,7,8,5,9,8,1,3,4,2,3,6,7,3,9,8,9,2,9,3,2,2,5
38:7,6,7,2,6,8,7,4,1,6,7,6,3,3,3,8,4,1,9,7,1,1,9,1,3,2,8,9,5,5
39:8,9,2,7,6,3,8,2,1,4,6,9,5,1,5,5,2,8,4,3,8,2,8,9,6,7,9,5,7,6
40:8,1,1,5,7,5,1,4,6,6,4,6,2,3,4,3,1,9,2,6,4,2,9,2,7,8,9,7,4,5
41:5,8,4,6,1,1,3,7,7,2,9,3,7,2,9,4,7,4,8,9,9,8,6,3,2,7,5,4,9,6
42:8,1,1,5,7,5,1,4,6,6,4,6,2,3,4,3,1,9,2,6,4,2,9,2,7,8,9,7,4,3
43:3,2,9,1,6,3,5,7,6,4,7,7,6,4,7,4,9,5,1,7,2,7,3,9,1,1,5,3,4,8
44:6,2,4,9,6,2,7,7,4,6,8,6,3,1,3,3,5,2,2,5,8,8,1,3,7,4,1,8,2,5
45:5,3,8,6,5,3,1,8,1,7,3,4,4,2,9,6,8,1,8,6,5,2,8,7,4,8,7,8,4,4
46:2,1,3,2,8,6,5,4,4,5,1,7,5,4,6,1,5,5,6,7,5,3,7,3,1,6,1,5,9,4
47:9,7,6,2,4,3,3,2,5,8,4,6,6,9,1,1,2,7,7,5,8,7,5,5,1,7,5,6,8,9
48:7,3,4,1,1,6,1,5,6,9,5,5,6,9,6,1,1,7,8,2,4,9,9,6,5,9,8,4,1,6
49:6,8,6,2,7,1,9,7,3,2,7,5,3,1,9,9,6,2,4,2,7,1,1,4,3,8,3,6,2,2
50:8,3,9,7,1,8,7,6,5,4,7,2,5,5,8,7,4,2,1,2,3,2,2,5,8,4,5,1,1,1
51:7,1,4,5,2,5,8,1,3,1,7,9,9,2,4,2,2,4,1,3,3,7,8,5,8,9,6,9,4,4
52:3,7,1,3,7,4,9,5,3,9,8,2,6,5,7,1,2,6,9,6,7,9,7,4,7,5,5,8,5,6
53:6,7,1,3,7,4,9,5,3,9,8,2,6,5,7,1,2,6,9,6,7,9,7,4,7,5,5,8,5,6
54:1,6,4,2,2,6,1,6,8,6,9,5,3,7,8,4,3,5,6,4,4,3,5,5,8,1,5,5,7,9
55:6,3,3,9,4,9,7,9,4,9,9,6,4,7,7,7,7,4,5,8,4,7,6,9,8,1,8,5,4,2
56:8,8,8,9,6,4,7,1,1,9,7,4,8,4,5,3,8,3,3,7,9,3,1,9,6,2,6,8,5,2
57:1,3,7,7,6,1,4,8,5,7,1,1,9,8,6,6,6,9,6,1,5,2,5,5,1,6,1,3,8,6
58:3,8,1,2,1,4,2,9,7,4,2,7,8,7,3,5,8,6,2,5,7,2,5,8,1,8,8,3,4,2
59:4,9,9,5,8,8,2,5,1,1,9,3,9,6,7,3,4,8,4,9,2,6,4,3,5,9,1,8,7,7
60:2,8,2,1,7,3,5,5,5,1,5,5,8,8,8,6,4,5,9,7,9,3,1,6,1,8,8,2,6,3
61:1,5,1,1,3,9,4,1,3,2,6,5,2,9,6,1,9,4,8,4,5,7,3,9,6,5,3,2,1,2
62:8,9,1,6,2,4,8,6,2,4,7,8,8,1,1,2,4,2,9,3,6,3,7,2,7,6,6,8,3,2
63:8,2,8,5,7,1,9,6,4,7,4,2,1,5,7,3,6,9,4,1,3,1,2,1,5,7,2,2,9,8
64:8,2,6,8,7,8,8,4,4,4,3,9,4,7,8,4,5,9,6,5,7,6,2,7,9,6,3,9,9,3
65:3,6,9,4,6,7,7,1,9,9,6,6,3,2,9,7,1,4,9,4,4,1,9,1,9,9,4,7,6,7
66:7,3,4,1,1,6,1,5,6,9,5,5,6,9,6,1,2,7,8,2,4,9,9,6,5,9,8,4,1,6
67:8,7,8,2,3,6,1,6,8,8,3,2,6,3,5,7,5,2,2,7,2,3,9,1,8,1,2,2,9,3
68:3,1,5,7,2,8,7,7,1,8,2,4,3,1,1,7,9,6,3,6,9,8,1,6,7,6,4,3,3,1
69:7,8,7,4,2,9,7,6,8,8,5,4,2,9,7,4,7,8,2,9,5,7,1,9,8,5,2,7,2,9
70:5,2,2,7,2,2,7,3,3,9,2,1,7,3,9,8,5,1,4,1,4,4,4,1,4,1,8,5,5,4
71:9,4,5,7,1,8,2,4,5,9,2,6,4,4,9,2,5,6,6,6,4,2,2,1,6,1,4,5,5,4
72:3,5,9,7,1,8,7,6,2,1,2,2,3,3,6,7,1,4,9,4,2,2,4,4,1,8,6,5,5,3
73:8,3,9,1,4,6,6,2,8,3,2,4,6,7,4,6,5,5,2,5,8,7,1,7,1,1,4,6,4,2
74:8,9,3,8,8,5,7,6,2,3,7,2,7,7,1,9,4,9,4,9,3,5,3,6,2,3,8,4,2,2
75:2,8,9,4,1,6,5,7,5,7,8,4,4,5,5,5,1,4,8,5,5,9,6,4,6,3,2,6,2,2
76:7,8,7,4,2,9,7,6,8,8,5,4,2,9,7,4,7,8,2,9,5,7,1,9,8,5,2,7,2,7
77:7,6,1,9,4,8,9,9,7,6,4,2,5,1,6,4,9,5,1,2,8,8,2,7,9,8,1,8,4,1
78:1,4,4,3,7,3,8,4,1,7,2,6,6,5,7,2,8,1,3,1,6,9,4,7,3,3,7,5,8,5
79:6,8,1,5,3,7,2,1,5,3,4,1,9,3,2,6,6,6,8,1,7,6,9,1,3,9,4,6,3,2
80:6,3,6,7,2,2,6,3,3,1,9,8,3,9,6,1,4,8,1,6,7,8,5,2,6,2,6,5,5,1
81:1,2,2,4,8,8,3,5,4,5,6,4,3,1,8,6,2,5,1,4,5,7,1,7,2,5,8,9,6,2
82:6,4,6,6,4,9,5,7,5,3,1,7,3,2,7,9,4,6,9,1,6,9,8,1,8,1,6,5,7,9
83:6,8,8,4,1,3,1,6,3,6,4,9,3,2,2,8,1,3,5,7,7,9,2,5,9,9,2,9,4,9
84:4,8,6,3,4,2,6,2,6,6,6,9,3,1,8,3,2,5,9,6,3,2,7,1,5,3,4,9,5,9
85:3,8,4,5,1,3,3,9,2,3,6,6,4,6,5,5,2,8,6,7,6,1,3,3,5,3,4,9,5,7
86:4,2,9,4,8,3,2,2,6,5,1,3,9,6,7,1,7,9,9,3,4,6,1,1,1,8,7,3,1,9
87:8,6,3,6,7,1,6,6,3,8,3,8,1,8,5,9,7,4,2,2,9,2,1,3,7,1,7,7,1,9
88:3,6,5,5,3,9,7,6,1,9,3,6,1,7,6,1,1,1,8,6,8,2,9,4,3,8,6,8,6,5
89:8,9,5,4,6,7,3,6,8,4,4,3,7,7,9,8,2,6,6,6,7,6,5,7,9,1,1,4,5,3
90:7,2,4,8,2,5,5,7,8,9,5,9,4,9,2,7,8,9,1,1,2,7,7,1,6,1,2,3,9,9
91:3,3,6,6,7,2,7,4,1,6,8,4,3,1,5,7,9,2,9,7,1,7,8,7,3,8,8,1,5,1
92:5,4,9,7,7,1,7,1,7,8,5,9,8,1,3,4,2,3,6,7,3,9,8,9,2,9,3,2,2,6
93:7,8,6,9,4,6,4,4,7,7,1,8,1,2,8,3,4,1,7,8,4,6,5,5,2,1,8,6,5,9
94:3,9,9,9,9,3,2,7,9,8,7,5,1,7,4,8,3,9,9,1,1,1,9,2,5,7,9,8,6,8
95:6,3,1,3,3,3,4,9,2,5,3,3,7,9,6,8,7,5,7,2,6,3,5,2,2,7,8,3,3,9
96:5,1,1,9,4,4,9,5,3,1,3,2,1,1,5,6,5,1,3,6,6,9,6,1,9,1,3,3,7,5
97:7,8,6,9,4,6,4,4,7,7,1,8,1,2,8,3,4,5,7,8,4,6,5,5,2,1,8,6,5,9
98:3,9,4,9,7,3,4,2,6,8,3,5,5,3,4,4,7,1,5,8,2,7,4,5,7,6,5,1,7,4
99:9,8,2,5,4,6,5,9,1,9,3,8,9,3,9,5,8,2,3,3,4,5,7,2,6,2,2,1,1,8
100:7,6,6,4,7,8,3,8,4,2,5,6,4,2,9,6,1,4,8,8,8,9,7,9,5,3,1,4,3,4
101:1,6,4,2,2,6,1,6,8,6,9,5,4,7,8,4,3,5,6,4,4,3,5,5,8,1,5,5,7,9
102:8,7,4,4,6,3,6,6,7,2,8,2,1,9,3,7,1,7,3,3,4,9,8,6,2,1,5,7,3,6
103:3,9,8,4,6,8,6,7,2,2,7,9,8,5,9,5,3,8,3,6,1,6,6,7,3,2,7,6,6,2
104:2,6,5,3,5,5,7,6,4,6,2,6,6,8,5,7,8,1,3,9,3,9,7,2,2,5,1,8,2,1
105:3,3,1,5,1,5,1,4,7,5,8,3,1,9,5,4,1,5,5,2,7,2,9,1,9,3,6,5,3,5
106:1,7,1,8,7,5,1,5,2,9,7,7,3,2,4,2,3,5,6,3,2,4,6,3,3,3,5,5,2,6
107:9,8,4,1,8,7,1,6,8,6,5,3,6,5,4,5,2,8,1,7,4,5,5,1,2,7,2,1,2,7
108:8,9,2,4,3,2,8,6,1,9,4,1,2,5,3,5,2,4,9,4,9,1,8,7,3,8,8,7,9,1
109:8,4,5,3,2,4,2,4,3,6,7,4,6,2,7,3,4,7,7,8,3,7,3,5,2,2,9,7,3,4
110:2,9,5,1,6,2,7,1,3,2,1,5,6,3,5,8,2,8,8,1,2,2,2,5,2,9,3,5,1,5
111:5,6,2,1,9,4,6,3,4,9,6,4,7,4,9,5,2,5,2,7,7,5,3,6,3,7,9,2,2,9
112:3,6,6,4,8,4,5,5,4,9,3,1,8,4,3,5,4,4,7,9,2,6,4,6,3,9,6,2,1,9
113:8,3,8,5,2,6,1,7,5,1,5,3,7,1,3,5,1,3,9,6,2,8,9,3,3,7,9,9,2,3
114:8,3,9,1,4,6,6,2,8,3,2,4,6,7,4,6,5,5,2,5,8,7,1,7,1,1,4,6,4,2
115:3,5,4,2,2,9,5,7,5,8,9,8,3,8,7,3,3,7,9,2,9,8,9,5,4,7,8,5,2,2
116:3,1,9,1,6,7,5,2,5,2,5,2,1,9,6,6,6,9,1,8,4,5,9,8,5,8,1,7,2,1
117:7,6,7,2,6,8,7,4,1,6,7,6,3,3,3,8,4,1,9,7,1,1,9,1,3,2,8,9,5,5
118:2,3,8,7,1,9,6,8,7,6,2,5,9,3,7,1,8,3,4,8,8,8,3,3,9,3,8,7,6,2
119:8,9,2,7,6,3,8,2,1,4,6,9,5,1,5,5,2,8,4,3,8,2,8,9,6,7,9,5,7,6
120:3,8,8,1,5,9,7,7,6,1,9,5,7,4,8,7,2,1,6,1,4,5,4,5,7,3,6,4,4,7
121:7,6,1,9,4,8,9,9,7,1,4,2,5,1,6,4,9,5,1,2,8,8,2,7,9,8,1,8,4,9
122:3,5,4,2,2,9,5,7,5,8,9,8,3,8,7,3,3,7,6,2,9,8,9,5,4,7,8,5,2,2
123:3,5,9,8,3,8,8,9,5,9,7,6,8,2,2,2,5,4,4,9,3,5,1,1,7,7,2,8,4,5
124:7,7,4,4,9,9,4,8,1,9,7,1,1,2,9,6,3,3,6,8,3,5,9,8,1,4,5,4,1,7
125:9,8,9,9,6,9,6,3,2,8,3,5,9,9,9,6,9,4,2,1,8,6,4,7,3,5,4,2,8,3
126:5,1,3,7,3,1,3,3,6,4,9,9,7,9,2,6,8,4,8,3,3,7,4,2,2,8,8,8,2,7
127:3,8,8,9,1,6,5,1,9,6,3,7,2,6,9,1,9,5,4,1,3,3,8,8,9,7,5,6,6,4
128:4,9,9,5,8,8,2,5,1,1,9,3,9,6,7,3,4,8,4,9,2,6,4,3,5,9,1,8,7,1
129:4,3,3,4,2,5,6,6,3,8,9,8,4,7,7,2,9,5,3,5,2,3,5,6,2,1,2,1,5,5
130:1,9,8,6,5,2,2,9,1,3,6,9,6,8,4,7,9,2,9,7,9,3,7,4,8,2,8,7,1,6
131:7,6,1,9,4,8,9,9,7,6,4,2,5,1,6,4,9,5,1,2,8,8,2,7,9,8,1,8,4,9
132:2,9,3,2,4,2,2,3,5,2,7,1,8,3,2,8,2,1,5,2,5,3,4,7,8,1,2,5,6,6
133:5,9,7,3,2,8,1,1,3,3,2,2,6,9,4,4,5,9,1,2,8,4,9,8,5,6,9,9,7,3
134:3,3,6,6,9,3,9,7,9,1,6,6,4,1,1,9,1,7,1,9,7,7,7,4,2,2,3,6,8,8
135:7,9,6,6,7,5,4,6,4,2,3,8,2,3,2,9,6,8,5,2,9,9,3,9,3,3,9,1,9,2
136:2,9,3,2,4,2,2,3,5,2,7,1,6,3,2,8,2,1,5,2,5,3,4,7,8,1,2,5,6,3
137:9,4,7,5,3,5,9,7,6,6,7,5,5,2,8,4,8,9,6,8,8,7,7,2,1,6,8,8,8,7
138:6,9,8,2,3,9,7,1,8,2,1,4,9,8,1,8,2,3,1,7,8,7,9,6,2,4,3,8,2,9
139:1,6,7,8,4,9,1,6,1,5,8,3,3,7,2,7,3,4,1,8,2,5,7,6,8,3,4,9,1,3
140:1,9,8,6,7,1,7,8,1,5,2,8,5,4,3,8,9,4,8,6,1,6,7,6,7,4,1,7,6,9
141:8,2,6,3,1,6,4,6,9,2,7,2,8,9,2,6,1,3,6,4,5,2,5,9,6,6,8,1,7,4
142:7,5,7,3,4,6,5,7,9,2,4,6,5,2,4,4,3,2,9,4,8,8,1,9,1,1,4,3,3,4
143:4,2,7,6,7,2,3,9,8,8,9,3,1,3,4,5,6,3,5,6,3,5,6,8,1,1,2,6,7,1
144:4,9,4,9,2,8,3,1,3,2,8,1,7,4,4,9,4,4,2,3,3,4,2,5,4,3,3,4,2,5
145:7,3,7,2,9,5,9,3,8,7,8,8,8,7,1,9,3,8,9,8,2,7,4,4,7,7,4,6,3,1
146:7,2,7,6,9,6,3,1,2,5,5,3,9,9,6,3,8,9,9,5,7,4,4,5,4,6,9,6,8,4
147:2,9,1,4,3,3,3,5,8,5,4,5,5,4,8,3,7,9,7,5,6,7,8,7,8,2,7,1,9,5
148:6,3,6,8,6,8,3,2,6,9,7,5,9,3,8,9,5,4,2,9,3,6,6,5,1,4,2,6,8,1
149:1,8,5,3,7,7,8,8,3,3,4,2,1,2,5,3,3,4,5,8,4,2,4,3,2,9,9,7,1,9
150:3,8,8,7,4,9,3,6,8,6,4,2,5,8,4,6,5,3,7,9,4,5,3,8,7,7,4,3,9,3
151:3,1,8,4,2,9,2,2,8,4,4,4,8,1,2,9,3,4,5,6,3,2,7,4,4,6,9,1,6,8
152:8,7,4,1,1,8,9,3,2,8,5,2,5,4,2,2,4,4,5,2,6,4,1,4,2,4,5,5,6,5
153:9,6,8,4,6,5,3,3,9,1,8,7,5,2,2,7,7,7,8,7,8,2,6,8,6,9,6,5,9,6
154:1,7,6,6,6,6,1,2,9,4,4,5,4,8,9,6,7,3,3,7,2,2,3,9,5,6,2,9,8,6
155:6,3,3,9,4,9,7,9,4,9,9,6,4,7,3,7,7,4,5,8,4,7,6,9,8,1,8,5,4,2
156:2,2,6,7,3,4,2,2,2,5,4,2,9,2,1,6,4,2,2,6,8,9,9,2,2,2,4,9,1,8
157:8,6,9,8,2,3,4,2,8,8,9,3,5,9,9,6,8,9,5,7,8,9,3,9,3,7,7,3,9,2
158:7,2,4,8,2,5,5,7,8,9,5,9,4,9,2,7,8,9,1,1,2,7,7,1,6,1,2,3,9,5
159:1,8,5,1,4,7,3,1,4,8,3,9,5,9,8,8,1,5,6,5,1,5,5,5,9,5,5,1,2,3
160:8,9,1,6,2,4,8,6,2,4,7,8,8,1,1,2,4,2,9,3,6,3,4,2,7,6,6,8,3,3
161:5,3,3,5,6,1,9,4,8,2,4,1,3,5,6,5,3,8,7,7,4,1,7,7,7,6,7,6,2,4
162:8,4,7,6,2,3,2,5,5,2,8,5,3,2,4,8,6,2,1,8,1,6,1,6,6,2,8,5,3,9
163:9,7,7,2,5,2,2,9,8,7,8,8,2,5,8,6,7,2,2,8,2,3,8,4,7,3,9,5,5,7
164:1,6,9,1,6,2,1,5,6,2,2,8,7,4,7,9,3,4,4,4,8,8,2,6,1,2,5,5,2,5
165:3,8,6,1,7,2,2,6,5,9,8,1,9,1,3,3,7,7,5,5,4,5,1,9,9,2,7,5,7,4
166:3,8,8,2,3,6,1,9,5,8,2,5,5,1,9,5,5,8,8,5,9,1,2,1,1,7,3,3,6,4
167:6,3,3,9,4,9,7,9,4,9,9,6,4,7,3,7,7,4,5,8,4,7,6,9,8,1,8,5,4,5
168:4,6,5,1,7,5,3,9,3,3,4,5,3,4,1,3,9,8,9,2,3,8,7,3,1,8,5,5,5,2
169:5,3,3,5,6,1,9,4,8,2,6,1,3,5,6,5,3,8,7,7,4,1,7,7,7,6,7,6,2,4
170:9,7,4,5,2,3,6,3,6,2,4,5,8,5,5,4,3,8,2,6,4,7,1,6,8,9,4,5,7,7
171:9,3,9,2,3,7,9,5,1,7,4,6,4,4,9,9,7,7,9,3,7,6,4,8,7,8,7,8,1,5
172:8,9,5,4,6,7,3,6,8,4,4,3,7,7,9,8,2,6,6,6,9,6,5,7,9,1,1,4,5,6
173:7,1,7,3,6,9,8,3,7,9,7,1,9,7,5,6,6,9,7,9,1,3,4,1,8,8,5,8,6,6
174:4,2,8,2,6,4,3,7,7,5,5,2,4,7,2,7,8,1,5,5,8,4,3,4,9,4,6,1,5,4
175:3,3,6,2,7,8,2,7,7,5,7,1,1,7,5,5,1,3,3,4,8,3,1,5,5,4,6,3,9,8
176:2,9,1,4,3,3,3,5,8,5,4,5,5,4,8,3,7,9,7,5,6,7,8,7,8,2,7,1,9,6
177:4,2,7,6,7,2,3,9,8,8,9,3,1,3,9,5,6,3,5,6,3,5,6,8,1,1,2,6,7,1
178:3,8,8,2,3,6,1,9,5,8,2,5,5,1,9,5,5,8,8,3,9,1,2,1,1,7,3,3,6,8
179:1,9,7,6,2,5,8,9,7,9,4,4,4,9,4,2,8,2,7,1,2,8,3,4,6,2,8,2,6,3
180:7,4,6,3,4,8,7,5,4,2,4,1,7,3,7,9,5,8,7,5,1,7,3,2,4,4,5,2,2,3
181:1,2,6,4,9,4,4,6,8,2,6,5,5,5,4,7,1,4,3,9,8,5,9,6,6,2,4,9,8,3
182:6,2,4,9,6,2,7,7,4,6,8,6,3,1,3,3,5,4,2,5,8,8,1,3,7,4,1,8,2,5
183:4,1,9,4,6,6,5,1,1,1,5,5,4,5,3,7,9,9,4,9,5,9,1,2,7,4,9,1,4,5
184:8,7,4,3,3,9,2,4,5,2,4,2,5,8,2,5,1,1,9,3,9,7,7,6,7,6,1,6,5,4
185:9,8,2,1,9,4,6,8,6,8,3,8,8,2,8,4,7,3,4,6,3,5,6,6,7,8,5,8,3,9
186:6,2,7,3,8,7,8,9,9,5,6,1,3,1,2,1,8,9,6,8,1,8,4,1,6,9,9,5,1,7
187:9,4,5,1,6,3,4,8,1,9,5,7,5,5,5,9,6,6,1,2,7,6,8,7,9,6,4,2,4,7
188:6,1,1,7,1,8,1,2,4,6,7,8,7,6,3,9,5,4,5,1,1,4,2,7,3,3,3,5,4,2
189:9,2,7,6,9,6,3,1,2,5,5,3,9,9,6,3,8,9,9,5,7,4,4,5,4,6,9,6,8,4
190:9,2,9,5,8,7,8,9,1,5,8,8,9,6,5,4,5,9,3,2,6,9,1,4,9,8,6,4,4,2
191:7,8,1,9,7,4,5,3,4,6,5,5,2,5,3,9,3,8,9,2,8,2,7,3,3,1,8,1,8,8
192:1,1,3,7,3,1,3,3,6,4,9,9,7,9,2,6,8,4,8,3,3,7,4,2,2,8,8,8,2,7
193:4,5,5,5,7,9,8,2,3,9,9,9,3,1,8,8,8,6,2,3,9,3,5,9,3,7,1,9,8,1
194:6,2,4,9,6,2,7,7,4,6,8,6,3,1,3,3,5,2,2,5,8,8,1,3,7,4,1,8,2,5
195:2,8,2,4,1,7,1,3,2,3,5,7,3,8,6,3,4,9,6,5,5,1,9,9,9,5,4,8,1,7
196:4,8,9,2,4,5,3,5,2,6,4,2,8,5,4,1,2,6,3,9,8,6,9,8,4,9,8,3,5,7
197:7,8,4,8,8,4,8,4,8,4,3,1,8,1,2,4,2,6,1,7,2,6,9,4,4,8,1,8,9,7
198:9,1,1,4,3,7,1,8,2,2,1,8,3,8,6,3,3,8,9,5,5,3,5,4,3,9,8,8,4,2
199:7,8,1,9,7,4,5,3,4,8,5,5,2,5,3,9,3,8,9,2,8,2,7,3,3,1,8,1,8,8
200:3,5,3,8,7,5,2,3,9,8,7,4,3,1,9,3,8,5,8,7,6,5,6,6,1,9,3,4,7,6
201:5,4,8,3,3,6,3,2,4,4,8,6,6,3,4,8,1,4,6,5,2,4,2,3,2,2,2,7,6,8
202:5,3,8,6,5,3,1,8,1,7,3,4,4,2,9,6,8,1,8,6,5,2,8,7,4,8,7,8,4,7
203:8,9,2,4,3,2,8,6,1,9,4,1,2,5,3,5,2,4,9,4,9,1,8,7,3,8,8,7,9,3
204:8,7,1,4,4,6,3,7,2,2,6,4,3,8,6,1,3,2,1,5,7,3,2,5,9,5,5,2,1,9
205:3,2,6,5,1,8,7,4,9,7,3,4,1,6,6,5,3,3,9,6,2,5,8,1,7,3,5,7,5,7
206:9,9,9,3,4,4,3,1,7,1,5,9,4,9,8,6,1,9,9,5,5,3,1,3,9,1,2,2,7,7
207:7,4,3,6,6,5,7,1,4,6,2,7,4,6,6,4,8,6,1,9,5,1,9,8,4,9,3,7,7,9
208:7,7,4,4,9,9,4,8,1,9,7,1,1,2,9,6,3,3,6,8,3,5,9,8,1,4,5,4,1,9
209:1,2,9,3,1,4,3,3,7,9,5,5,1,7,5,4,6,6,3,1,6,5,1,8,1,7,7,9,1,5
210:6,3,8,1,9,9,1,5,9,5,7,1,4,7,1,1,5,2,8,3,8,6,8,8,1,9,9,9,6,5
211:2,9,3,6,7,3,7,3,7,4,2,2,4,6,1,1,7,1,5,4,3,9,5,6,9,7,9,9,1,5
212:3,2,6,5,1,8,7,4,9,7,3,4,1,6,6,5,3,3,9,6,2,5,8,1,7,3,5,7,5,4
213:3,2,2,9,4,1,7,9,2,8,6,6,3,2,7,9,3,3,3,3,5,9,2,7,2,7,9,6,3,3
214:6,3,6,8,6,8,3,2,6,9,7,5,6,3,8,9,5,4,2,9,3,6,6,5,1,4,2,6,8,1
215:7,3,3,2,4,8,2,4,8,9,3,5,9,5,5,2,7,9,8,4,7,7,8,2,7,4,2,6,3,1
216:3,8,8,2,3,6,1,9,5,8,2,5,5,1,9,5,5,8,8,5,9,1,2,1,1,7,3,3,6,8
217:1,1,5,8,1,4,2,7,6,8,7,7,8,2,5,9,9,7,9,7,3,5,5,5,6,5,1,2,8,5
218:8,4,5,3,2,4,2,4,3,6,7,4,6,2,7,3,4,7,7,8,3,7,3,5,2,2,9,7,3,3
219:1,8,9,1,8,5,9,5,6,8,8,3,2,1,9,4,6,8,5,5,2,3,4,2,4,9,2,9,7,4
220:9,2,6,3,1,3,5,8,9,2,1,8,2,1,8,2,4,6,6,2,3,4,4,5,8,9,4,4,8,1
221:4,2,7,6,7,2,3,9,8,8,9,3,1,3,4,5,6,3,5,6,3,5,6,8,1,1,2,6,7,9
222:5,8,4,6,1,1,3,7,7,2,9,3,7,2,9,4,7,4,8,9,9,8,6,3,2,7,5,4,9,1
223:7,4,4,4,4,8,9,6,4,1,3,5,4,9,2,6,9,1,3,2,5,7,5,1,5,8,6,1,6,9
224:1,8,7,2,4,3,7,1,3,2,7,4,9,3,3,3,3,3,4,7,3,2,9,6,3,5,6,2,5,3
225:5,5,9,3,7,7,4,3,1,9,7,5,8,4,5,4,1,4,3,7,9,4,9,5,3,1,6,7,8,5
226:6,5,6,1,7,3,6,4,6,9,5,3,9,4,6,7,2,5,9,9,8,8,1,5,7,3,9,9,8,7
227:9,6,8,6,2,9,1,5,9,3,4,2,4,2,5,1,8,2,7,4,2,6,7,9,6,9,9,7,6,3
228:2,9,3,2,4,2,2,3,5,2,7,1,6,3,2,8,2,1,5,2,5,3,4,7,8,1,2,5,6,6
229:9,7,4,4,1,2,7,1,6,4,1,6,6,5,6,2,4,6,9,9,8,3,7,8,9,8,1,7,5,4
230:8,1,5,9,8,3,5,9,7,3,2,7,7,1,9,6,9,2,2,5,4,7,8,1,5,8,5,2,3,5
231:4,5,1,2,1,5,5,1,9,4,6,3,4,9,1,5,9,8,2,4,3,2,5,8,4,7,1,5,1,3
232:5,1,7,3,5,7,3,5,1,3,4,8,6,3,9,2,1,1,6,9,6,2,5,8,4,1,5,7,4,8
233:3,5,9,8,3,6,8,9,5,9,7,6,8,2,2,2,5,4,4,9,3,5,1,1,7,7,2,8,4,6
234:8,9,1,6,2,4,8,6,2,4,7,8,8,1,1,2,4,2,9,3,6,3,4,2,7,6,6,8,3,2
235:5,8,8,6,2,4,4,9,8,8,4,4,9,2,2,3,4,6,4,9,1,4,1,4,5,9,9,2,9,6
236:2,6,7,8,1,6,5,4,4,6,9,3,5,6,6,7,1,3,9,8,1,9,2,8,1,2,7,9,2,4
237:8,6,5,7,3,7,5,8,4,7,5,6,8,5,8,5,2,6,5,1,4,6,1,2,1,1,7,4,4,7
238:1,9,8,6,5,2,2,9,1,3,6,9,6,8,4,7,9,2,9,7,9,3,7,4,8,2,8,7,1,4
239:9,2,5,8,5,9,3,3,6,1,5,9,9,9,9,8,8,6,6,8,2,6,4,8,4,1,9,9,4,6
240:2,8,9,2,3,2,4,2,5,7,4,8,6,7,9,6,1,3,6,9,3,5,8,4,5,8,5,7,9,7
241:5,9,3,6,1,3,8,2,2,6,4,7,7,5,9,2,6,2,6,1,3,7,1,7,1,3,6,2,9,8
242:5,1,9,5,1,5,2,2,2,1,2,3,9,1,6,6,8,7,1,8,6,2,1,5,5,7,6,7,9,8
243:1,2,6,4,9,4,4,6,8,2,6,5,5,5,4,7,1,8,3,9,8,5,9,6,6,2,4,9,8,6
244:8,3,9,1,4,6,6,2,8,3,2,4,6,7,4,6,5,5,2,5,8,7,1,7,1,1,4,6,4,5
245:5,8,8,8,4,3,9,4,3,6,4,9,3,2,5,9,3,4,2,3,8,6,2,8,9,2,5,5,6,5
246:4,3,3,8,7,5,5,3,6,2,4,8,4,6,3,6,3,5,9,9,1,2,7,2,9,1,5,5,2,3
247:8,3,5,2,5,3,4,8,1,4,2,5,1,7,8,9,9,9,7,3,6,7,9,1,6,2,8,2,2,6
248:1,8,7,7,4,5,1,3,9,2,9,7,8,5,8,9,5,1,1,1,1,2,1,4,1,4,6,2,4,4
249:3,9,5,5,5,1,4,7,5,7,5,9,7,3,2,8,5,6,7,7,5,4,2,1,3,5,8,7,6,3
250:2,3,8,7,1,9,6,7,7,6,2,5,9,3,7,1,8,3,4,8,8,8,3,3,9,3,8,7,6,2
251:3,5,3,7,4,4,6,2,4,4,2,9,4,7,8,9,6,7,1,8,6,8,3,2,6,2,7,3,6,1
252:9,3,9,2,4,8,6,5,8,3,4,9,8,5,9,7,6,4,7,4,2,5,3,5,6,5,2,7,4,9
253:5,1,3,7,3,1,3,3,6,4,9,9,7,9,2,6,8,4,8,3,3,7,4,2,2,8,8,8,2,2
254:2,5,5,7,3,6,7,5,8,4,4,8,1,1,9,5,6,1,3,2,4,8,2,9,2,4,5,5,9,6
255:7,1,7,3,7,7,6,2,8,6,6,9,9,4,7,1,5,6,8,9,8,7,1,2,5,3,9,3,5,5
256:1,3,2,5,9,8,3,4,4,2,8,7,1,1,9,1,3,3,8,7,1,8,4,1,5,6,1,9,3,2
257:8,7,4,4,6,3,6,6,7,2,8,2,1,9,3,7,9,7,3,3,4,9,8,6,2,1,5,7,3,4
258:4,5,1,2,1,5,5,1,8,4,6,3,4,9,1,5,9,8,2,4,3,2,5,8,4,7,1,5,1,3
259:3,5,5,9,6,9,3,1,2,7,3,3,1,4,3,2,2,8,5,9,7,6,1,3,4,6,6,7,3,8
260:7,1,9,6,3,5,7,1,4,3,5,5,9,2,3,1,8,7,2,5,3,1,5,5,6,1,2,7,8,5
261:9,1,5,3,7,2,9,5,2,4,5,2,6,7,9,1,8,7,9,1,7,4,4,9,5,4,6,1,9,4
262:4,2,9,4,8,3,2,2,6,5,1,3,9,6,7,1,7,9,9,3,4,6,1,1,1,8,7,3,1,8
263:1,8,6,3,3,4,3,1,9,6,6,5,7,1,1,4,2,8,4,3,9,6,8,1,7,6,2,5,8,7
264:3,8,9,7,5,1,2,8,8,9,1,1,8,5,5,2,6,3,4,7,7,7,6,8,6,4,2,4,5,5
265:2,4,6,3,9,6,6,6,6,9,4,9,3,3,8,7,5,8,8,5,7,9,3,8,4,2,6,9,1,8
266:4,9,9,8,4,3,5,4,9,3,4,2,1,8,1,3,5,3,5,2,3,1,3,2,4,7,5,5,7,4
267:9,4,5,7,1,8,2,4,5,9,2,6,4,4,9,2,5,6,6,6,4,2,2,1,6,7,4,5,5,4
268:8,1,7,5,4,9,5,9,4,9,2,6,9,6,7,8,1,3,2,2,6,8,3,5,8,4,1,8,1,6
269:7,9,2,1,2,5,2,9,5,4,1,7,1,1,8,9,6,8,1,4,9,8,1,9,9,6,4,7,3,8
270:7,3,3,2,4,8,2,2,8,9,3,5,9,5,5,2,7,9,8,4,7,7,8,2,7,4,2,6,3,1
271:1,9,8,6,7,6,1,3,1,4,5,8,7,6,1,8,3,5,9,9,4,3,1,9,2,9,4,2,6,7
272:2,7,5,8,2,9,5,4,4,5,5,5,1,8,4,8,3,7,4,7,6,1,6,6,2,2,2,4,9,3
273:5,5,7,5,7,9,4,9,2,6,2,3,4,5,2,5,7,1,5,7,2,5,1,3,3,5,4,4,4,2
274:6,7,8,2,2,1,6,5,2,3,3,7,7,8,9,1,4,6,3,1,7,1,5,3,5,4,5,1,7,8
275:8,2,8,5,7,1,9,6,4,7,4,2,1,5,7,3,4,9,4,1,3,1,2,1,5,7,2,2,9,5
276:8,9,5,4,6,7,3,6,8,4,4,3,7,7,9,8,2,6,6,6,7,6,5,7,9,1,1,4,5,6
277:7,4,2,3,2,5,1,1,2,1,6,5,5,7,5,9,4,6,8,5,3,6,7,1,7,7,1,8,8,5
278:1,8,2,2,7,3,6,1,4,7,3,2,7,6,4,3,6,4,1,6,2,5,8,2,1,2,7,8,3,9
279:6,3,8,9,5,5,2,5,1,2,2,9,2,1,5,1,7,5,1,9,9,3,1,2,7,4,9,3,5,5
280:5,2,6,2,9,6,8,8,2,5,5,8,1,1,6,8,9,6,5,6,3,9,8,9,8,3,3,6,3,3
281:7,2,4,7,9,1,6,7,8,6,7,4,7,8,9,7,7,6,1,1,5,6,4,6,8,2,6,8,4,5
282:2,9,1,4,3,3,3,5,8,5,4,5,5,4,8,3,7,9,7,5,6,7,8,7,8,2,7,1,9,5
283:9,2,8,8,9,3,6,2,4,2,2,7,1,2,5,8,9,3,9,5,8,7,1,6,8,9,4,7,1,7
284:2,6,7,8,1,6,5,4,4,6,9,7,5,6,6,7,1,3,9,8,1,9,2,8,1,2,7,9,2,4
285:9,3,4,7,9,4,2,6,4,1,1,8,9,4,9,4,5,6,5,9,7,2,9,8,4,4,2,8,9,9
286:5,5,1,8,3,9,9,5,5,5,6,8,3,1,5,3,6,6,5,1,5,7,4,6,1,8,5,1,5,9
287:8,2,8,5,7,1,9,6,4,7,4,2,1,5,7,3,4,9,4,1,3,1,2,1,5,7,2,2,9,8
288:4,1,9,4,6,6,5,1,1,1,5,5,4,5,3,7,9,9,4,9,3,9,1,2,7,4,9,1,4,2
289:2,3,5,7,2,9,8,7,3,7,7,4,1,8,2,8,7,5,8,8,7,4,7,1,2,6,1,9,2,8
290:7,1,7,3,6,9,8,3,7,9,7,1,9,7,5,6,6,9,7,9,2,3,4,1,8,8,5,8,6,1
291:3,6,9,4,6,7,7,1,9,9,6,6,3,2,9,7,1,4,9,4,4,1,9,1,9,9,4,7,6,5
292:3,9,9,1,4,6,6,8,2,9,4,8,1,8,8,1,7,5,7,6,3,1,2,6,6,1,6,2,5,7
293:2,4,5,7,6,9,5,8,9,9,9,5,8,2,6,4,6,9,3,7,8,9,1,3,3,6,7,7,4,3
294:8,1,4,5,5,6,3,1,9,5,2,3,7,6,2,3,7,1,9,6,5,2,2,5,9,2,6,1,4,9
295:8,9,2,4,3,2,8,6,1,9,4,1,2,5,3,5,2,4,9,4,9,1,8,7,3,8,5,7,9,1
296:9,5,3,3,6,5,4,6,8,5,2,9,8,7,4,8,5,7,4,5,8,1,9,4,4,5,8,2,2,5
297:1,2,1,6,7,5,3,6,3,4,2,5,7,5,2,5,8,7,5,6,9,1,6,2,1,9,1,7,7,5
298:9,8,2,1,9,4,6,8,6,8,3,8,8,2,8,4,7,3,4,6,3,5,5,6,7,8,5,8,3,9
299:1,8,2,2,7,3,6,1,4,7,3,2,7,6,4,3,6,4,1,6,2,5,8,2,1,2,7,8,3,3
300:2,5,3,5,9,9,3,1,7,5,5,4,6,8,7,7,1,8,2,5,2,1,1,6,8,6,4,9,1,2
301:2,4,1,1,9,7,4,1,9,6,7,6,9,8,1,7,1,7,6,3,6,5,7,9,7,2,9,7,7,2
302:3,9,4,9,7,3,4,2,6,8,3,5,5,3,4,4,7,1,5,8,2,7,4,5,7,6,5,1,7,4
303:9,2,6,4,2,6,5,8,4,2,6,3,4,4,1,9,4,3,2,8,4,8,8,7,9,6,1,6,9,1
304:8,4,4,9,8,3,1,8,5,1,3,1,2,1,4,7,9,9,7,2,7,2,4,8,1,8,2,2,9,4
305:4,9,9,5,8,8,2,5,1,1,9,3,9,6,7,3,4,8,4,9,2,6,4,3,5,4,1,8,7,1
306:6,4,6,6,4,9,5,7,5,3,1,7,3,2,7,9,4,6,9,1,6,9,8,1,8,1,6,5,7,7
307:3,3,1,5,1,5,1,4,7,5,8,3,1,9,5,4,1,5,5,2,7,2,9,1,9,3,6,5,3,3
308:7,8,4,8,8,4,8,4,8,4,3,1,8,1,2,4,2,6,1,7,2,6,9,9,4,8,1,8,9,7
309:6,8,1,5,3,7,2,1,5,3,4,1,9,3,2,6,6,6,8,1,7,6,9,1,3,9,4,6,3,3
310:8,8,6,5,3,8,2,7,3,4,2,6,7,6,8,3,8,7,9,5,7,5,6,4,8,7,5,1,3,9
311:2,9,3,6,7,3,7,3,7,4,2,2,4,6,1,1,7,1,5,4,3,9,5,6,9,7,9,9,1,9
312:7,1,4,5,5,3,6,4,3,3,3,6,2,6,7,4,7,9,6,7,4,7,5,6,7,1,5,5,6,9
313:9,7,4,5,2,9,6,3,6,2,4,5,8,5,5,4,3,8,2,6,4,7,1,6,8,9,4,5,7,7
314:5,3,1,4,5,7,4,2,9,9,6,1,3,9,3,2,3,7,6,9,8,1,5,6,9,2,9,6,5,8
315:2,1,3,5,1,7,7,7,6,6,1,1,3,6,1,6,5,9,7,2,9,7,1,2,8,3,8,1,9,5
316:2,6,9,5,4,6,8,7,9,3,6,9,9,5,9,8,6,6,8,8,9,5,8,1,7,4,1,8,8,7
317:7,4,2,1,1,4,4,4,3,2,3,8,2,5,6,3,5,2,7,2,9,6,3,8,2,6,7,1,9,3
318:9,3,8,5,8,7,5,6,9,4,4,2,4,3,7,7,8,6,7,6,3,4,8,4,1,3,7,9,6,3
319:2,9,9,3,8,3,2,9,6,7,4,6,4,3,4,9,4,3,2,5,9,5,3,1,5,8,1,2,2,2
320:3,2,9,1,6,3,5,7,6,4,7,7,6,4,7,4,9,5,1,7,2,7,3,9,1,1,5,3,4,5
321:7,8,4,8,8,4,8,4,8,4,3,1,8,1,2,4,2,6,1,7,2,6,9,9,4,8,1,8,9,1
322:1,5,5,5,1,4,5,6,1,4,2,8,2,7,3,4,4,4,2,1,1,3,5,5,4,7,4,5,8,2
323:5,2,6,3,5,9,2,8,4,4,9,8,5,5,8,8,2,4,9,3,5,8,1,8,5,1,3,3,8,1
324:9,7,4,4,1,2,7,1,6,4,1,6,6,5,6,2,4,6,9,9,8,3,7,8,9,8,1,7,5,4
325:4,7,1,2,4,5,5,3,6,1,3,3,9,3,6,5,9,2,3,5,9,3,9,6,8,5,7,7,1,4
326:8,8,8,8,8,8,6,3,4,1,3,9,3,2,3,5,8,2,9,4,3,6,2,7,8,5,9,9,2,5
327:2,8,9,4,1,6,5,7,5,7,8,4,4,5,5,5,1,4,8,5,5,9,6,4,6,3,2,6,2,2
328:7,8,7,4,2,9,7,6,8,8,5,4,2,9,7,4,7,8,2,9,5,7,1,9,4,5,2,7,2,9
329:4,2,1,1,4,2,8,7,9,9,5,4,7,4,1,8,9,9,8,9,1,8,6,4,9,9,8,2,7,4
330:1,6,3,5,3,1,9,7,4,9,6,5,3,9,1,4,2,3,5,6,6,3,4,3,2,5,6,3,8,4
331:8,6,6,8,7,5,4,8,8,6,5,8,5,3,6,7,6,6,3,9,2,8,7,4,6,5,7,9,7,5
332:8,3,9,7,1,8,7,6,5,4,7,2,5,5,8,7,4,2,1,2,3,2,2,5,4,4,5,1,1,1
333:2,6,5,3,5,5,7,6,4,6,2,6,6,8,5,7,8,1,3,9,3,9,7,2,2,5,1,8,2,5
334:1,1,5,8,1,4,2,7,6,8,7,7,8,2,5,9,9,7,9,7,3,5,5,5,6,5,1,2,8,6
335:8,7,6,3,1,9,5,9,6,4,5,5,6,8,6,9,3,9,1,1,8,8,6,8,1,8,7,8,3,1
336:4,8,9,2,4,5,3,1,2,6,4,2,8,5,4,1,2,6,3,9,8,6,9,8,4,9,8,3,5,7
337:8,8,6,5,3,8,2,7,3,4,2,6,1,6,8,3,8,7,9,5,7,5,6,4,8,7,5,1,3,8
338:2,5,8,5,1,4,7,8,2,5,4,4,8,6,6,7,6,6,9,2,3,2,1,1,2,2,9,4,3,5
339:3,8,9,7,5,1,2,8,8,9,1,1,8,5,5,2,6,3,4,7,7,7,6,8,6,4,2,2,5,2
340:9,9,6,1,8,7,9,9,7,9,5,7,4,4,4,8,3,4,9,3,2,7,5,3,4,8,4,8,6,2
341:5,2,3,9,7,3,2,6,1,9,8,4,2,8,5,7,5,5,2,1,6,1,4,7,9,3,9,3,4,7
342:4,1,5,1,7,5,3,9,3,3,4,5,3,4,1,3,9,8,9,2,3,8,7,3,1,8,5,5,5,4
343:7,6,2,8,1,4,8,8,4,3,4,1,9,3,3,2,5,4,7,7,2,6,1,7,3,2,1,4,1,2
344:8,4,5,3,2,4,2,4,3,6,7,4,6,2,7,3,4,7,7,8,5,7,3,5,2,2,9,7,3,3
345:8,7,6,3,7,9,3,7,9,8,3,9,6,8,4,2,8,8,3,6,1,4,4,2,4,7,3,5,5,2
346:7,2,5,1,6,3,4,7,5,5,7,3,2,5,5,2,4,3,6,4,8,5,2,8,6,6,8,4,8,3
347:1,8,2,2,7,3,6,1,4,7,3,2,7,6,4,3,6,4,1,6,2,5,8,2,1,2,7,8,7,3
348:5,3,6,5,8,1,6,4,9,2,3,4,6,8,6,2,3,1,8,5,3,9,3,7,3,9,6,4,8,7
349:7,1,9,6,3,5,7,1,4,3,5,5,9,2,3,7,8,7,2,5,3,1,5,5,6,1,2,7,8,9
350:7,1,9,6,3,5,7,1,4,3,5,5,9,2,3,1,8,7,2,5,3,1,5,5,6,1,2,7,8,9
351:1,8,4,6,5,4,2,1,2,8,6,7,3,6,1,9,1,3,6,6,5,1,2,4,1,2,7,7,2,6
352:6,1,9,4,9,1,1,4,1,8,3,6,8,3,9,5,1,9,8,2,1,1,8,5,7,4,2,8,4,7
353:1,3,7,7,6,1,4,8,5,7,1,1,9,8,6,6,6,9,6,1,5,2,5,5,1,8,1,3,8,6
354:8,7,4,4,6,3,6,6,7,2,8,2,1,9,3,7,1,7,3,3,4,9,8,6,2,1,5,7,3,4
355:6,6,7,9,3,1,4,5,9,7,5,7,2,5,8,7,6,3,1,3,7,4,5,6,3,3,7,4,7,4
356:5,6,2,1,9,4,6,3,4,9,6,4,7,4,9,5,2,5,2,7,7,5,3,6,3,7,9,2,2,7
357:4,4,9,6,7,1,8,4,6,5,8,8,1,3,3,4,9,4,4,1,3,3,7,4,5,3,1,8,7,4
358:4,8,9,2,4,5,3,1,2,6,4,2,8,5,4,1,2,6,3,9,8,6,9,8,4,9,8,3,5,2
359:7,7,4,6,2,6,8,4,5,2,7,9,2,8,3,5,6,3,1,4,6,4,4,8,7,1,3,2,4,8
360:8,1,7,7,5,6,6,2,9,4,6,6,6,4,8,4,8,4,1,9,9,7,4,2,2,2,1,9,9,7
361:2,8,9,4,1,6,5,7,5,7,8,4,4,5,5,5,1,4,8,5,5,4,6,4,6,3,2,6,2,2
362:2,1,3,4,2,1,6,3,8,6,9,3,5,7,5,6,2,8,7,4,8,4,7,4,4,8,2,5,1,6
363:3,2,9,1,6,3,5,7,6,4,7,7,6,4,7,4,9,5,1,7,2,7,3,9,1,1,5,3,4,8
364:2,3,1,5,1,9,5,4,6,3,5,3,1,9,7,7,7,2,3,1,7,3,9,7,9,5,4,7,4,4
365:3,8,9,7,5,1,2,8,8,9,1,1,8,5,5,2,6,3,4,7,7,7,6,8,6,4,2,4,5,2
366:8,1,5,9,8,3,5,9,7,3,2,7,7,1,9,6,9,2,2,5,4,7,8,1,5,8,5,2,3,5
367:2,8,2,8,9,6,4,4,9,7,6,9,1,3,3,7,1,3,3,7,7,5,3,9,9,7,9,1,6,7
368:8,3,8,5,2,6,1,7,5,1,5,3,7,1,3,5,1,3,9,6,2,8,9,3,3,7,9,9,2,1
369:6,7,9,8,6,5,5,6,1,3,2,8,3,3,4,6,8,5,2,3,7,9,9,3,1,2,1,7,3,4
370:9,8,8,8,9,3,6,2,4,2,2,7,1,2,5,8,9,3,9,5,8,7,1,6,8,9,4,7,1,5
371:4,8,1,9,1,5,3,2,6,6,5,8,7,9,4,7,9,6,9,4,7,6,5,9,8,8,7,8,7,4
372:5,1,9,5,1,5,2,2,2,1,2,3,9,1,6,6,8,7,1,8,6,2,1,5,5,7,6,7,9,1
373:6,4,4,4,1,4,7,4,3,3,6,7,2,2,8,3,1,6,3,9,8,5,7,3,9,2,2,5,4,6
374:7,9,6,6,7,5,4,6,4,2,3,8,2,3,2,9,6,8,5,2,9,9,3,9,3,3,3,1,9,7
375:9,1,6,2,8,8,7,7,5,8,6,7,9,2,3,3,5,5,3,7,7,8,4,2,5,9,7,2,9,1
376:4,4,8,3,2,6,4,6,1,1,4,8,3,6,2,3,1,1,8,3,9,3,7,8,7,5,4,9,2,3
377:3,9,1,4,4,3,1,1,3,4,5,9,3,9,9,5,2,8,5,7,1,8,5,8,4,4,1,5,3,5
378:5,1,7,3,5,7,3,5,1,3,4,8,6,3,9,2,1,1,6,9,6,2,5,8,4,1,5,7,4,4
379:6,2,1,9,4,7,1,7,6,5,5,3,6,3,5,9,6,1,5,7,2,3,1,7,1,3,7,7,7,1
380:8,1,5,9,8,3,5,9,7,3,2,7,7,1,9,6,9,2,2,5,4,7,8,1,5,8,5,2,3,5
381:9,7,6,1,1,7,3,2,3,2,9,7,4,5,9,8,1,9,9,8,3,6,9,3,8,4,7,8,7,3
382:3,7,2,5,7,4,7,2,2,9,3,1,9,4,7,2,7,3,5,8,9,8,5,3,1,5,5,4,8,2
383:5,8,8,4,1,9,8,7,7,6,9,5,3,6,8,6,5,2,9,3,9,6,3,7,3,6,2,4,2,8
384:7,7,8,6,4,4,8,2,1,9,4,8,6,6,8,5,8,5,4,9,5,2,3,2,2,8,9,6,8,8
385:7,2,4,8,2,5,5,7,8,9,5,9,4,9,2,7,8,9,1,1,2,8,7,1,6,1,2,3,9,9
386:9,4,8,1,4,2,5,3,2,5,9,9,5,9,4,8,8,6,4,1,2,3,7,5,1,5,6,3,8,8
387:7,7,7,9,7,5,9,6,7,6,5,9,4,2,4,4,7,2,3,2,7,5,9,1,8,8,1,1,5,2
388:4,2,4,7,4,4,2,9,4,2,2,7,5,7,2,4,2,1,6,4,6,9,8,1,7,4,1,5,4,9
389:5,1,9,5,1,5,2,2,2,1,2,3,9,1,6,6,8,7,1,2,6,2,1,5,5,7,6,7,9,1
390:2,8,2,1,7,3,5,5,5,1,5,5,8,8,8,6,4,5,9,7,9,3,1,6,1,8,8,2,6,8
391:7,6,3,4,7,1,5,2,8,3,6,2,5,2,1,4,4,3,1,8,8,9,4,4,6,5,4,9,8,9
392:7,2,7,6,9,6,3,1,2,5,5,3,9,9,6,3,8,9,9,5,7,4,4,5,4,6,9,6,8,5
393:2,6,5,3,5,5,7,4,4,6,2,6,6,8,5,7,8,1,3,9,3,9,7,2,2,5,1,8,2,5
394:6,8,6,2,7,1,9,7,3,2,7,5,3,1,9,9,6,2,7,2,7,1,1,4,3,8,3,6,2,2
395:7,4,3,6,6,5,7,1,4,6,2,7,4,6,6,4,5,6,1,9,5,1,9,8,4,9,3,7,7,9
396:8,4,4,1,8,4,9,3,3,1,8,8,5,1,1,6,3,4,1,4,4,6,1,8,8,9,7,2,1,2
397:2,6,7,8,1,6,5,4,4,6,9,7,5,6,6,7,1,3,9,8,1,9,2,8,1,2,7,9,2,4
398:8,1,4,7,2,7,5,3,4,7,1,7,1,3,2,2,2,4,1,9,8,6,2,9,2,4,9,5,1,4
399:1,7,1,8,7,5,1,5,2,9,5,7,3,2,4,2,3,5,6,3,2,4,6,3,3,3,5,5,2,6
400:2,4,2,5,2,9,3,4,6,4,2,3,3,2,7,4,8,6,6,7,8,5,4,2,9,3,9,7,9,3
401:1,3,5,4,3,4,8,8,6,3,3,2,6,1,7,3,5,8,7,2,1,3,5,4,7,6,6,6,1,6
402:1,4,8,6,7,2,5,5,4,3,3,1,7,3,5,1,5,9,1,2,3,7,4,6,4,4,3,6,4,6
403:5,1,6,3,5,7,3,5,1,3,4,8,6,3,9,2,1,1,6,9,6,2,5,8,4,1,5,7,4,4
404:8,9,8,9,8,9,6,9,4,5,3,4,6,8,2,8,9,1,5,4,6,4,7,3,9,2,5,3,1,9
405:9,1,8,1,9,8,2,9,2,8,2,7,2,3,8,9,4,6,9,6,8,1,5,8,8,6,5,5,1,6
406:7,6,6,9,7,2,5,8,3,6,5,6,7,9,4,9,6,2,4,6,8,9,9,1,5,8,8,1,2,3
407:7,4,4,4,4,8,9,6,4,1,3,5,4,9,3,6,9,1,3,2,5,7,5,1,5,8,6,1,6,2
408:6,4,6,6,4,9,5,7,5,3,1,7,3,3,7,9,4,6,9,1,6,9,8,1,8,1,6,5,7,9
409:9,1,8,1,9,8,2,9,2,8,2,7,2,3,8,9,4,6,9,6,8,1,5,8,8,6,5,5,1,1
410:2,4,2,1,7,3,5,5,5,1,5,5,8,8,8,6,4,5,9,7,9,3,1,6,1,8,8,2,6,3
411:8,5,1,6,7,3,2,5,1,3,4,6,3,1,8,9,3,8,1,3,9,4,2,9,9,1,4,1,8,3
412:8,8,6,5,3,8,2,7,3,4,2,6,1,6,8,3,8,7,9,5,7,5,6,4,8,7,5,1,3,9
413:7,1,5,5,2,5,8,1,3,1,7,9,9,2,4,2,2,4,1,3,3,7,8,5,8,9,6,9,4,4
414:4,2,9,4,8,3,2,2,6,5,1,3,9,6,7,1,7,9,9,3,4,6,1,1,1,8,7,3,1,9
415:9,3,7,4,3,2,7,1,8,8,4,7,8,7,4,2,1,5,1,5,7,5,4,7,6,3,1,8,6,1
416:9,8,2,1,9,4,6,8,6,8,3,8,8,2,8,4,7,3,4,6,3,5,5,6,7,8,5,8,3,9
417:7,8,8,8,8,9,1,8,2,9,5,9,1,7,9,3,5,9,3,5,3,4,8,6,9,8,6,6,6,1
418:3,5,4,2,5,1,3,3,3,7,2,7,6,3,7,9,5,2,6,9,4,7,8,3,3,9,6,6,8,6
419:8,1,1,5,7,5,1,4,6,6,4,6,2,3,4,3,1,9,2,6,4,2,9,2,7,8,9,7,4,3
420:8,3,9,7,1,8,7,6,5,4,7,2,5,5,8,7,4,2,1,2,3,2,2,5,4,4,5,1,1,2
421:8,2,1,4,2,9,2,9,4,6,1,8,8,3,1,9,7,9,2,5,2,7,3,4,3,3,3,4,1,5
422:9,8,8,8,9,3,6,2,4,2,2,7,1,2,5,8,9,3,9,5,8,7,1,6,8,9,4,7,1,7
423:7,4,4,4,4,8,9,6,4,1,3,5,4,9,3,6,9,1,3,2,5,7,5,1,5,8,6,1,6,9
424:7,1,4,5,2,5,8,1,3,1,7,9,9,2,4,2,2,4,1,3,3,7,8,5,8,9,6,9,4,9
425:1,5,8,8,7,3,3,9,9,8,4,2,9,4,5,2,3,8,9,1,3,9,4,7,2,7,3,3,5,1
426:5,3,3,5,6,1,9,4,8,2,4,1,3,5,6,5,3,8,7,7,4,1,7,7,7,6,7,6,2,8
427:1,1,5,8,1,4,2,7,6,8,7,7,8,2,5,9,9,7,9,7,3,5,5,5,6,5,1,3,8,5
428:9,2,5,9,8,6,4,2,4,6,6,4,5,7,5,3,1,6,9,4,5,6,5,7,6,2,2,6,6,2
429:8,9,2,7,6,3,8,2,1,4,6,9,5,1,5,5,9,8,4,3,8,2,8,9,6,7,9,5,7,6
430:7,2,9,9,6,7,8,4,8,8,8,1,4,7,6,9,1,9,1,8,9,1,4,1,2,4,4,3,3,5
431:6,3,6,8,6,8,3,2,6,9,7,5,6,3,8,9,5,4,2,9,3,6,6,5,1,4,2,6,8,6
432:7,1,7,3,6,9,8,3,7,9,7,1,9,7,5,6,6,9,7,9,2,3,4,1,8,8,5,8,6,6
433:9,3,9,2,4,8,6,5,8,3,4,9,8,5,9,7,6,4,7,4,2,5,3,5,6,5,2,7,4,5
434:5,8,9,9,6,6,3,4,5,3,7,8,4,9,9,8,3,7,9,4,2,9,4,2,5,2,8,3,2,5
435:2,2,3,2,8,6,5,4,4,5,1,7,5,4,6,1,5,5,6,7,5,3,7,3,1,6,1,5,9,2
436:7,3,4,1,1,6,1,5,6,9,5,5,6,9,6,1,2,7,8,2,4,9,9,6,5,9,8,4,1,6
437:5,3,6,9,5,8,5,4,9,4,6,4,9,3,6,3,8,2,6,3,4,3,9,6,2,5,8,2,3,9
438:4,6,6,1,4,6,8,8,8,7,7,7,2,6,1,1,1,4,7,8,4,4,7,5,9,7,2,1,7,4
439:2,5,8,9,6,2,4,2,4,9,2,6,6,3,7,7,2,6,9,5,3,6,8,3,7,7,2,8,4,2
440:1,6,4,2,2,6,1,6,8,6,9,5,4,7,8,4,3,5,6,4,4,3,5,5,8,1,5,5,7,3
441:3,1,5,9,5,9,6,2,6,4,5,7,7,7,3,3,3,8,5,7,6,2,1,1,6,3,1,3,4,6
442:1,9,8,6,7,1,7,8,1,5,2,8,5,4,3,8,9,4,8,6,1,6,7,6,7,4,1,7,6,3
443:2,9,3,6,7,3,7,3,7,4,2,2,4,6,1,1,7,1,5,4,3,9,5,6,9,7,9,9,1,5
444:4,8,2,2,6,7,2,3,2,9,3,6,9,2,2,5,8,8,1,8,9,9,5,1,3,6,1,9,9,5
445:4,9,8,1,4,2,8,7,1,9,9,8,1,4,4,9,6,6,1,7,1,3,6,4,1,3,9,3,7,3
446:4,3,9,2,6,2,5,8,5,5,4,3,6,5,9,6,4,7,9,8,4,1,1,8,2,5,5,4,8,5
447:4,5,9,2,8,3,4,6,6,3,3,5,7,1,6,3,8,4,7,7,2,8,3,7,6,5,6,6,6,3
448:9,7,6,2,4,3,3,2,5,8,4,6,6,9,1,1,2,7,7,5,8,7,5,5,1,7,9,6,8,4
449:4,7,6,6,6,6,1,2,9,4,4,5,4,8,9,6,7,3,3,7,2,2,3,9,5,6,2,9,8,7
450:2,3,7,4,8,7,8,9,3,2,5,7,4,4,8,6,3,2,8,2,4,8,6,8,2,6,4,8,8,5
451:9,3,9,2,4,8,6,5,8,3,4,9,8,5,9,7,6,4,7,4,2,5,3,5,6,5,2,2,4,5
452:5,6,2,1,9,4,6,3,4,9,5,4,7,4,9,5,2,5,2,7,7,5,3,6,3,7,9,2,2,9
453:1,6,1,3,6,9,8,7,2,1,7,3,7,5,6,5,8,1,1,3,3,2,8,1,2,9,6,2,7,9
454:3,2,2,2,4,9,6,1,3,3,6,7,9,6,2,6,5,9,8,3,9,4,9,8,7,4,5,9,8,8
455:4,4,7,9,3,1,5,5,1,2,2,8,9,8,4,2,9,5,2,9,1,1,6,3,2,6,8,7,5,2
456:5,8,8,6,2,4,4,7,8,8,4,4,9,2,2,3,4,6,4,9,1,4,1,4,5,9,9,2,9,6
457:9,7,4,4,1,2,7,1,6,4,1,6,6,5,6,2,4,6,9,9,8,3,7,8,9,8,1,7,5,5
458:4,1,5,1,7,5,3,9,3,3,4,5,3,4,1,3,9,8,9,2,3,8,7,3,1,8,5,5,5,2
459:5,3,1,2,9,6,4,9,3,9,5,4,4,3,5,3,7,9,8,5,5,8,3,3,9,3,8,4,7,6
460:8,7,1,4,4,6,3,7,2,2,6,4,3,8,6,1,3,2,1,5,7,3,2,5,9,5,5,2,1,1
461:2,3,8,7,1,9,6,7,7,6,2,5,9,3,7,1,8,3,4,8,8,8,3,3,9,3,8,7,6,6
462:6,7,9,4,2,8,5,8,6,8,2,4,4,1,7,5,1,9,3,5,4,8,6,3,5,1,1,7,9,6
463:1,7,1,8,7,5,1,5,2,9,5,7,3,2,4,2,3,5,6,3,2,4,6,3,3,3,5,5,2,2
464:7,1,2,8,8,7,4,1,4,8,2,5,8,8,6,3,4,4,9,9,6,6,2,8,7,6,9,6,1,7
465:8,6,6,8,7,5,4,2,8,6,5,8,5,3,6,7,6,6,3,9,2,8,7,4,6,5,7,9,7,5
466:9,9,9,3,4,4,3,1,7,1,5,9,4,9,8,6,1,9,9,5,5,3,1,3,9,1,2,2,7,9
467:2,9,8,3,8,9,9,5,4,4,7,8,5,2,7,2,5,9,9,1,1,4,7,8,5,5,6,1,2,9
468:5,2,6,3,5,9,2,8,4,4,9,8,5,5,8,8,2,4,9,3,5,8,1,8,5,1,3,3,8,1
469:1,9,8,6,5,2,2,9,1,3,6,9,6,8,4,7,9,2,9,7,9,5,7,4,8,2,8,7,1,6
470:6,8,6,2,7,1,9,7,3,2,7,5,3,1,9,9,6,2,7,2,7,1,1,4,3,8,3,6,2,5
471:8,7,8,2,3,6,1,6,1,8,3,2,6,3,5,7,5,2,2,7,2,3,9,1,8,1,2,2,9,3
472:8,7,8,2,3,6,1,6,1,8,3,2,6,3,5,7,5,2,2,7,2,3,9,1,8,1,2,2,9,3
473:5,2,9,8,3,4,4,9,2,4,4,1,2,5,5,8,8,8,5,3,6,7,3,5,9,7,2,2,9,8
474:1,3,3,8,9,4,1,5,4,1,3,2,9,8,5,7,5,6,9,8,8,1,3,8,7,1,5,7,6,7
475:3,8,6,1,7,2,2,6,5,9,8,1,9,1,3,3,7,7,5,5,4,5,1,9,9,2,2,5,7,8
476:1,3,7,7,6,1,4,8,5,7,1,1,9,8,6,6,6,9,6,1,5,2,5,5,1,6,1,3,8,4
477:7,8,8,8,8,9,1,8,2,9,5,9,1,7,9,3,5,9,3,5,3,4,8,6,9,8,6,6,6,7
478:6,8,1,5,3,7,2,1,5,3,4,1,9,3,2,6,2,6,8,1,7,6,9,1,3,9,4,6,3,3
479:1,1,4,3,6,4,2,2,1,8,8,9,3,5,9,9,8,5,1,9,2,8,6,3,5,9,3,6,3,1
480:1,9,8,6,1,1,7,8,1,5,2,8,5,4,3,8,9,4,8,6,1,6,7,6,7,4,1,7,6,9
481:7,8,8,8,8,1,1,8,2,9,5,9,1,7,9,3,5,9,3,5,3,4,8,6,9,8,6,6,6,7
482:3,5,4,2,2,9,5,7,5,8,9,8,3,8,7,3,3,7,9,2,9,8,9,5,4,7,8,5,2,2
483:7,1,4,1,8,2,9,7,6,2,9,1,4,8,2,4,4,4,6,3,2,1,2,3,4,8,9,3,6,6
484:5,4,9,7,7,1,7,1,7,8,5,9,8,1,3,4,2,3,6,7,3,9,8,9,2,9,3,2,2,6
485:6,4,7,9,8,8,7,7,7,2,1,8,4,2,1,1,4,8,9,8,8,1,6,3,2,4,6,1,1,6
486:3,2,6,5,1,8,7,4,9,7,3,4,1,6,6,5,3,3,9,6,2,5,8,1,7,3,5,7,5,7
487:7,3,8,3,7,6,4,7,5,6,2,6,2,5,6,9,1,7,6,5,1,2,2,8,6,1,7,2,6,9
488:8,3,2,1,9,1,5,4,8,8,5,4,4,9,4,4,3,2,9,8,4,7,1,7,9,5,6,2,8,2
489:3,7,1,3,7,4,9,5,3,9,8,2,6,5,7,1,2,6,9,6,7,9,7,4,7,5,5,8,5,6
490:9,7,4,5,2,3,6,3,6,2,4,5,8,5,5,4,3,8,2,6,4,7,1,6,8,9,4,5,7,9
491:7,8,6,9,4,6,4,4,7,7,1,8,1,2,8,3,4,1,7,8,4,6,5,5,2,1,8,6,5,7
492:8,8,9,8,1,6,1,5,4,5,4,3,1,8,5,2,7,1,5,2,8,7,3,1,3,9,6,8,7,2
493:5,8,8,6,2,4,4,9,8,8,4,4,9,2,2,3,4,6,4,9,1,4,1,4,5,9,9,2,9,6
494:8,3,2,5,2,6,1,7,5,1,5,3,7,1,3,5,1,3,9,6,2,8,9,3,3,7,9,9,2,1
495:9,9,2,6,5,2,1,9,3,9,8,6,6,8,3,2,4,7,3,7,4,5,4,6,3,4,6,8,2,8
496:3,1,9,1,6,7,5,2,5,2,9,2,1,9,6,6,6,9,1,8,4,5,9,8,5,8,1,7,2,2
497:1,9,6,4,1,7,8,9,2,3,8,2,5,4,6,4,7,2,1,4,8,9,4,8,8,2,6,4,7,6
498:4,5,1,2,1,5,5,1,9,4,6,3,4,9,1,5,9,8,2,4,3,2,5,8,4,7,1,5,1,1
499:9,1,8,1,9,8,2,9,2,8,2,7,2,6,8,9,4,6,9,6,8,1,5,8,8,6,5,5,1,6
500:4,1,9,4,6,6,5,1,1,1,5,5,4,5,3,7,9,9,4,9,3,9,1,2,7,4,9,1,4,5