25945031641
39189634423
41531102025
54197722734
55645212372
58840214535
66618921855
76688866945
79488579450
81373518237
98351842192
200013639927
432443646252
521528716776
640244083622
659931539985
820471993989
827625437752
888726832964
964150875515
964506151324
990636799556
1108550632406
1137802476959
1156799274263
1319660043333
1396689141229
1415428740262
1461219977345
1473116617800
1594934636684
1601033143080
1610606033575
1637922595987
1669504355366
1895403205588
1994343333468
2378908849981
2522852916129
2632639079298
2640004213439
2797901521228
2846902264870
3016352823027
3312733428091
3376155544120
3662971948840
3817366770451
4109383068556
4147973209764
4301694933205
4542804234126
4617275823067
4727237158777
4807400364471
4857251493982
4891052075943
5099450222352
5268399275061
5336228094312
5429908054509
5514408643082
5544156083926
5600365536957
5613902317539
5709566760910
5736241066000
5799474518518
5807194502214
5860747498113
6092547771082
6121749520637
6215737659492
6499808836167
6570034368560
6707116069772
6764620139728
6979211786099
7029104238998
7086730426134
7143096523073
7146657883142
7184419600154
8008693311074
8014171621264
8229368449009
8251626667384
8308696375769
8387105316267
8437042673584
8672042376111
8844606353317
8844793206605
9046595803585
9106922722950
9190173860686
9204714079910
9450450260048
9875004827303
9996409386322