99999999999996597366545096991695685501503428469474446309750162035374742141978137797100227485415437554480962797029871165955764099543957445881690466559548755585287169723259140141
99999999999964068992278521215686345406287322259391057864151045644018101169242693495029366986559037923187041775058560601607764394322161011766415762910663313881139187496457168975
99999999999995919999179399134951067815362282339200509200622442845520847797349164044905433387540709871451137815382184993195042695424166266672352997888150374668229241907475290122
89999999999999999999999995015009320869807741555662301835560546033095708250992257325039027439769999924303694467156373787413664083127156087223280327233430970032790456309001474182
29999999999999599999993416522132957951384892118032661448671006892321399403624044339999999136999999995781599999907900793192576694067289453155674180979782152686790454642747357204
03699999999939199999995873537799511354375823772669080765319780205693140042322981369999999999999999999999999999997767569997150426097480763590471953809898901670157390654921888753
79999999999920305499963256597150439769013178968422810089150249451705762599999999999999999999999999999999999999999999999999844123698561313247708473280048479568678885607418699532
24499999959346827117142937929457336382173362227408244987003098541517284959999999999999999999999999999999999999999999999999970417995247512253228123009492726725678775252243545794
21999999923484981995138279976449950421293915483876774376623956522399996999999999999999999992653299994386299999999999999999999497159672101012453980293875316983367327363541477416
59999999943683109047009231586642800664416986800444349377082882999999999999999999996691599999756319999239399999949999999999999999999999033415513202995301278119511324886825251321
99999998008675793755898256740818287403448175533596450450002101736999999999999189999911969898198914115683158969663416999999999999999999834972421228090706243136140506359628091233
99999992579997899932497353689853463956833181593998531705334111747999999999803932600944558736668959134521859518515675999992999999999999990859907988787462217695514913008620045733
99999999999999999519463856524228129038494936501158071571949999999999994999935440782963110859951285752537153922099559599974095499999999999975243732535441174627863631457750492081
99999999999999994750252148586891023094071964525370501853989999999999949735506631929027665400038661652011116472268349821597416499999999999999999960790037579536993101883820310105
99999994419999996122252970984193442327142926692514642132229999999999991832389523800820820808815007808872617784188288465741579999999999999999999950771236513767271285060518833271
99999994114166154512782252534766284406331595464177470786999999999995455009965961220572931299442760869827675749331025349214529649877972999999999927886771232571923971475953905613
99999998504670367930031906187973473227773303474473282999999999999676742076736866035154146526097557999872139445488265420880507703805339699999999967114699966739134118477720578822
99999921109917951392573868020196453590111986585464999999999999997417772204807886469924962073256666896288199642802494183609231039375227699999999993990057956846271084595878044072
99999949927595823994942242489034845694580341678063780999999999650300093259923007755597381521702002165075717726989972082050371086992779999999999999999999902740430002632198329293
99999929675887683963622450041589827904446615661817073999994683249462405907835678873787764521481594773207676506353702568327288331090367999081999999999999995013729654254039024530
99999979994799938067742347892066006735485168595804999999987759456993863937047272789089899993991749388926537801726817180032510925130256169685379999999999993526279117770743358674
99999949999993939108185076083077213125949416927824999999999188339564005484031263957999999999999999991249564036536362058926735683216181821389727999999999957433873940975237094546
99999999999999895006440449635342658029528039553342699999326737946183505897901629999999999999999999999284662714789522838968407088665512724342793999999999697723312048302797830379
99999999999999380837699155001834867197469944625776799991184861501498909669539999999891733239849899999999923764229061981315649825401175012615299999999999858817499056040281109817
99999910899993467022098224691019731098615594192309999999962703612352853969999988519166591336891683939999999940160375743776496190988565189360899999999999999954222355933328115335
99999991125727396933428840786541748317718416070299999999947066547118940579999191968595382160471085793999999992315954345933507021274027779256271981939999999599999830039701132967
99999916687253937992199754395852056371891969137999999999124503887172172999987373188189319495969430516459299999792863732080882768094514725064129934862999999999999969611901646514
99999996422483669192631123778080790924506447764965999999200304329977855999992161285888884181590993189685399899999603813544337663663168820707028071532699999999999983171542781156
99999965973697994606991429556120546879062743986174999999957866334163039999487664888999999999264874344025574749999021202859721945710485443505589553371599999999999570471083305958
99999916992929995037657143705822725824478582945899999999294575762504119992578718888869873199992411565302679999999929830616559933360867451530511892799999999999996634392372079264
99999911999999491036524074546023637269526894020539999999623217371831049991381488888888899120999652888465039692799999162356046045571590938035262624099999999999922978702171911137
99999999999999995829942270394402595193090380988195729999931674981250969998888088888888884096199991188416344946799999311232841263269111153019581556979491899999999999785968259573
99999999999999989449191733128848138054900005504123799999999636126743803999007648888888888594329993823787152146999999097649039442962486799017506207998947539999995599999926031652
99999999259995741494226875307673227825796855567738999999344440180151590499932300888888888372219993531756365274455999895589947337356404739260626089037519019999999899999941602315
99999999974027374319983364338252080457446186216453999999999199832564727099998808373888886699369999616515303539975999995354591881562747698088647256297137645999999999999996997968
99999999921143669116383884777464888440554978498667979139999949877704494921999999999998833371649998999656756613699999995282767103436939468909034736197997200099999999999994797092
99999999960755067894422093612380009440594902905704943899999935706040220435042688888423492298699997243260887090499999951425780337881951141445989282893015099999999999999943345342
49999999995193326998397560994161349256091066345672709899999999997683744622989108329860237901999944358589414759949399991912338893880541102191245722914776999999999999999251622179
79999999995299916998195260524895328022473711100357549262219999946171917879299990893902953499999938333059463938245999999413763039778287617239564601871231499999999999911571004380
29709999999659999999668346674056252043445733698896524827109999999997861506484808122537745999999796738360189131999999999119469520197070575072831489435117399348999999990586091723
88709999999999999999809779374395846168039850347749666769709999999991999692627624735192999999920030302280083388938999941196580278635484983515257201514820288701329999999998646891
14511999999999999992336789638376878589418266765659041411716873499999999424999999599999999992485045643685947199905999966427007652276594896480430286320209100455631999999999933477
21499999999999774796354411327868688470835326921274250602251510999999999999999999999999961735871064841468600874889999999436102769357268759598653915190499713505907699999999999824
69999999999999994024734622663069192540930569846773107850785652176672899989999999999549613243163701380685455549999999999716873443474655965916234479808797715108201599999999999993
01999999999999991059597649114376173974161493795594273465060447095163308611299229112722498359300360712034325121999999992428669649157856308131129255979811139319294299999999999990
22699999999999999395204799401034955698092199019348373409540375681137329292056611771547206678215586012623811978999999151187799692394252022682459456978175602999999999999999999910
82981969999999999998999999999894738152458538488682918697441611327095153720877829487286956858060690769195479999999999566266069387522701544106243261221013283999999999999999999927
52764791999999999999499999999946359269403111917015808098853610468330624702564890362940751695437242104761499999999999424736168683151857253422024500499555473799999999999994990039
50849999024989999999999999994749273473305120231333675390187786112035723399333644545752190348757936456924269999999999196155364954108730386970279406868266999997239999999973196982
60281495757369999999999985106186576286962407804045931990617564119887358396171519909796114437490258555515199999999994629136082644306204459332779822926976599419863999999979443541
43952926457249999999999999512336134932030770457200140200661683540653283379387197918147282027028738129999999999958507340988926948025942273371912983345542447802748999999626999119
14714706361469999999999999235695424998143799836964319927237488223908104729282568942927389166590988999999999999935577835153364576641899541748594749126969132095294999999408891181
59989102831389999999999999999018999999955206989194381786745398562484984985798563018850358814933299381999999999999915788995671115774668339960569128215796105715559999999654999999
66729672189199999999999999999999999999938792331990815405070398025859881111320935124877315066748911576999999999945681409257993713863911491706994179623447557089369999999999999999
88457427562652499999999999999999999999972352089273933123183968972007300902846133049825642899999992699999999991139849023228023026041653909644722888593662942599999999999999999999
13235412695259633691759859999999999999999690389999991601855807256273627381754197439679579413999999999999962011749548722181629968224912095958897935077359339999999999999999999999
10107303830016813999439091999999999999999998899999994898792913351626657265788124999899918340299999999999779719252818284857169475357650177760828608290426592999999999999999999999
88525287874543046423935541799999999999999999999999952899169999985499849969987214759999999999999999999999896487231068953896401362079060130233710149875247111999999999999999999991
25148001649966446533175163299999999983999999999999994155233899992333835899999876599999999999999999999993745152956628775862394425189857983796656199832356799978399999999999994027
94425017883999843707275533299999999993749999999999999999999999999472726999999999999999999999999927205761267142363367521514374564267753114468343277174970891137385999999998279034
86444240869071005299469924919999999699958199999999999999999999999999999999999999999999999999992357039215250009574973710507441873522162024323081972519647321312675839999999921987
01798348796573659039999914011434999334141999999999999999999999999999999999999999999949999999999997177542340506952019798246209926572851915397740982529346283584039591899999999896
77408580821048092257816464835034499970480799999999993589999999999999999999999999999958729999997140934648379303549673913585317481108270678758702605192382238393675945799999999936
32533430131716846613551225908478129544433179999999989952189999999999987199999999995277279277310782753335469308415609866051912208824451241747806456945921722039856155690999999967
37620423340235449501545029873392102715179251999995957713019999999998981391999999999982125134579283472454745575817683146023069719626775557313245921813960334259531899998999999992
82107733287531050364583217031334162797573358087537993359102999999942723592924989329962587187265640976477536772300774545083784328364866063760682638553379999999116299999999999998
86336198430314360731498249248030651656366496763191999722477191442899409058970927676574822279064546122329992572589676639903625623730847423063276718366399999999936799999999999999
02640104571103627249985439727353685377373199351963076877181707319917752797122266739065706049677993094233609592308974855616367981344044798283766506044449999999299999999999999999
35441158770700848428479377400402502022776451525800662891374796546008961294853082070253927881513391970391515947230458147682839698618271117940990522201359999999999999599999999999
65357656289747566879800812332281010742616228345754234178909478339113541885580421448477792265092303351647172450976644449151338401616471799563647730799994569999992961999999999999
23140650908520152729332236371123383120406768491261768636455746929210548116675111676472518819536700285691870945929443791242536580008096742666977670999499519999854565399999999999
11701031831002812532216389166717001406815533501487204263101939044679261848051452055650770280403093260359424297307657029182508977244121757279999039656685361749906435899999999999