9138536641481951669293995168187325152881111888474432973697843565773126696487746466734676347557136328945569688455185964114283327961322278357361511339836926933388558688713188747447367433654219676514725565
4562125879222559152645592778437269821111111119762737863111111111166631119331371154646773721558393711111131658414874213122848283197111111111116468523661911111111936131727884447432349254849611111111111372
2992111111111853357341111111691924811113118111451493591112111111111937771111111493933631593462995112813114459161111113461754295111124727936357276527111192832411128264111117469411111362775111196452118126
4811111111111113146851119278141676111312488848931248986411111918611194277121111161455712143293192154652155722631519818572545511169147486924358299785118327146141114411165456412912411133196119238951337478
6211191316229811182855118381515412431184615994793351834772118588561168172121374112429631778854727188624548739819551618562885711913492871211118769561233214161191121123578859439511116775131311895666569365
1811458634831472113469691117928352883111197716628629317219151175441154185111549399497672978524159118591983122691481513619323215764931111776187597213538433323811786113434835896133936488615196111771571749
2511117675611117511672411332541367731635815877182187911459251282531119884211191312551719224111315811914463438784444412273972111111111425611115981713651111119116948751111111486511852591272935175839573831
6731111111111111183118838477314814493857585313245111111111986174311867664811112125287131828161841924112521243213255411532281141111391111117111796215178959851118466591747796341199278331295411118849424437
5133111111123861595662958931111111117656776331111111111111115727725631697141211155711994961191677287118326428111128371674121596891961821137112295616642778912868924418611911111118255964769111451115531822
8981364929764697392564273211222222117688863211111123218532113271369571111111111111111199926166933764946443951122139351111626647671138411368293456484146115999982643728311114334481692499511378332691642466
8381838947663861115866527112111111111113998111131385259596416638361111112216733211242318335711696947822843111222112841626299791111121811928165556638211141171592464574111131317126144181129496665238132258
1115147791522111111116365212142614468113641118248583841633268882911111912215956761333111158911741663694811111232174424111912611122116811117129146812619681512735112511642579367152998211847617771649119332
7392493171766116241111131111112549869167597111211849811111811385111463412219377731111121691988539129111111461232144419397911112222112418273818168544113683274651716911981421387118223915984956997682112319
3914111116912611437725894227111171915198666211111111114444584535114351312115312551112221928758511111111622711222111111111111112332152111515441496139211358366271111937111183824711882115711119449547113658
2891111111171651141911256492661111599236716683396389571673967899144721111147795111222321258711111145393579112111111111111926712322145117936164877728663111488542185269536544111154628119748114614631167369
2331151811111524945227624212797574852455611252391641111111478813196315111146211122233321231111758318218511111142963421871521112221132411113152896327713681111111175633782782152328526713897511344591973945
1711135723111214527248321119819858491628596887974111111111111279184421112731112223333221111221111111181111111517811119145311222211151671792552411197422954436658371225725347114754615318612511112111561356
9111329219846162939238111211118138711111111157381111254781121738162911151511222322222211111111111122111221429826711846931112232111743516822141112196741516857487539155961112951111854861536659911121574673
3411685167238611948691121111118432112111112116521215949825111642774468779112222221111113964916847111111121111181753465111112332143331315885111222165411111111135776934115588992211169381773123468223173171
1411125241388811845227121346111864121119511212631111136161111736582281111122211111798225226658295321521111112111151512215412222111111111111122222136311149711114667741124234661114644943848197234753311444
9661148881111915543874111432916977121965631212752111179176225176335611122211111338433111942947261992816236711112111137111111111111112211111223221129411114256511478383362742965925747592645839313943893621
5261111111249836623796911149538467111112331111472141111358335926491112221117794196471111111111111111123482257311122111111111741172511117721232211754791955714371174934617193563138844271877265111111119686
8426111115511485599834717111754319312157517142698145617111283357611222111699764751111161864556711811111115539876112222194219597565341589511232115795461167515751494369757375111178681191321381145739341136
7626231183126811111115876262111561811111983152851414841141928371112221111832528111212276989135356849622411118817511122112665591111134218112222149531499438777611539349331111111737461365355716825278241212
6438168388195111111111174938717496163311142577511111111173246611222211314253451136579448718111181492675546111399835112211171374478755611122211139747125953811221498391111886143165241872881619731632111686
2872124917351111881861164548863497656759983236111111111118846212222117356415318678668591111114194743511111174143846411221113886377111112221118192337282824751912633511118162691965214479288316128853655943
9874476126751119867238175476111111111255939991121286491213882112221117481858866736775111221164461811194693971337231831122211773322111222111294282551119261817939991191118111113319611111317634264623873671
4879751716748111272443299421111141111111177464121856791111521122211639892253519867981122221669578154435673761111116878112221392428611111129468594911791122148536777126411111573755181557118281421971819678
2361311544938411115689883611115958327111156727121117561189441223215341111311217454811223321176697332351597391169611226911221112175494119879285735291955911716593216129116596986771512586511922676736887323
2999132488261481411111476944111164284741116786112147311183111233215255111161769416612233322114941287411258511334249441961222211155693711637262945211144831113449854211111451566911752182113875837111111159
6482162961278782964393914318311119581467333498311119711486412233216186365656715323112233332211111111111855711473426955741123222111111111111715219185166456117579461143261117485813329881135147831676771127
7241126881117375558597119427214411111133584498161179211887912333217638324741221198711223333222222222221391211448241347792123332222222222211188825135715795112534116976672111121624833154842965619475871113
5381165691218584791111114314947525819893373984655962111487812333214471119375552399591122223333333222111111111428771126745123322222222211111617564194889193819996116671815411171799837938788492621334311958
7481112341212565311116896992171547447751116527378144881272312222211111111111612823384111122222222211161112213843832111432123321111111113339965912657344263513533413151158111563783928674233413897466961983
3921141811111825111315836815447161111111211111169452241771612211116436925911116561691451111221111117696112211628482111859123321587351419624119482841126137111948167126111191556223331111111661725833239196
5771123711118321113359574191281111222222222222111145866878312113174248473935111112622567671111351621821112221814547611918123321174371898611111111166411767169176474498667571893111111995411117315257576264
5221113111687626111475111271311222222111111122222111341613311145511171418782811111292983237751117111129212221187612711622123322174625652931129196114928111121787937352186143463118886351861113818317174279
6592411115873717311111145666112222111114544111122221116811113621111869511624684511114434484519496146275911111853113611911123332111486535291165414817411481942164111111119922761197734142951114289111146559
6764649221115741949249335821122221125174257817111122211112211111175425111222982184111119372983864877111111411866732112659123432221169379564661199711129931927111111145711184841344919911111428391178111716
1628887517112728741228124761223211711911111198274111122222211159938887112411135874841111111111111111111112111567121165358123433322111869531137441132178578455158341595721118671598451111215125611155371113
1674182451163711919896335911233215978158435933544856111122211839578999115455828798863231221111111111149322114764411143281123332222211868786731118428275646534133168921111149551741518961782147619873941157
2714629721898111293294936711223219542185119367361875558111111111522818113594514594257111211179627621569691113848115665311222222111111116136813468858411171984117278111138156239151319111111597544112311257
4473343411933811975218129441122211818171111111112892464827856527865713311492252961111121112271161231548311117641121198312232111148268134917445671111112111582511929638465682516798511111711118991269256821
3178359211611111216179891126112221152711122222111178216393922171138284398364111111221111372431124429755911121411691388112332147263214211111111187794122221119163114693554342738766511463428119763282315274
7111654611112116881136411555411222116851111122222111138995312716969435111111122222111118139874946883996141192217345129122332166631748111156231139853123322211144311187821111111192819775671183582253589159
3984618661111174741115871469951112211178468111122222111111111111111111122222222332188714614571111125312941977349366211123332142815986117534211721541123333222118417854111111111117611512677233179711121192
7511911531886876841387111262757411111111155153111112222222222222222221111111112232111111111111118214274411764756142112223432111595728139838116373311223333332211988631114381123111991111116627791114111783
6811941158463267511944111638326712551111111568758811111111222111111111684455511222222222221111613564111185772999361122333332221491382987171155372112222222333221124511776299891119758831111421111192521111
9249391118638941471136111158119533946855435826333587295891111142121714372285661123333222111371979411118211196554311122222222221794186596117492691122221112343322119311244464111175359535373782717643181556
7539856119931164271111119141111111287191625791521136128139875811111111272866947123322211164933561117964311581842112211111111111132412211169437511222211412333332217711727991192642368111116214412393311376
9712195117562211739311194581111111193374411111115955692511152444944211398924541122221113429867111852511172288411122111359974753769135131235911112222114212222223217171412114457611111111111916972857475561
4713673111639151121835231411481541114873611111111618132282296825355116169721111222111392934411471651118726312112211121269265469144714152238711122211126712111123211464939946962111113449861921355928267429
1211938111217649112168671118339511127794711531411384161511113384971185481111222111133563991115461112329196761122112796523511111114214838321112222112536111123123221772761777811111891641774775911971543635
2921161111863114112979644137359112175763191834141199571116138423116718111222211164251836751965911685812953111211177181995641111288668511111222211181762111976123321823175773491115443241688776778111115667
7248611152211114114812811269574711123156224192555694111626692311459111122221118322961184449291113661187111122115521511311116824676181111222221116765231116132123321287268511191111196825682132511151111654
7585845914746311114285691929989111295111111359186575112854861183621112222111577335734111111671623117218111221137513355543738426111111222221111136114291115679123321321363112132171111111115796118843681146
8395649762553591181713733419391115263111111811519881172651115584111222211165419521489612211651111426411122221931248468145111111122222221111433431832111179171123321435911122111414982737963458117966771114
3411281288331821621936512425998447151133311163431761151111889261122221117391752588322112119249543878112222221111111111111122222222211111798512113138111147261223321371112222217969118884372633191754241167
3711611517955752781284868384374117971432412113543853111713343411222211525163191224877121142748357911111111222222222222222222211111119161844191157231111451361233321111222333211655911111119266916531521127
9218911798111529513848864686211469961296112112627587112341181112221111482812663629111111818947111111535851222222222211111111112134737414911119488111118595811234322222222223221143111215841959155332111343
9487721614117181318397131111111388588755411142786318783415411222211942581145845415121116871511113971652111221111111115812735342572211762198433751111286499112234333222111123321188115446431166762319274976
2535671133168159111613118714781152838929211214274731323842112222112234115329614971111684371111197392111111111825376325742478111111111172815958111111333511122333322211191123322145112752242658841142454186
7481331186158119541125923712751139797753616338156211123661122221175971185443177911171888511132433111111112349995211943991111111111111119896111112378951112223322221115882123332186114912398162217776346416
6113271173116512551169551722611462224734966981149744196511222211493411394311719111922431111965151121117399422457723111285996134458212211451118367466111222333221111542115123432131511152566214927411112136
6391211515113117597111577191113663597179795911275234124212232113579115179117681192897411112282111111537231841141879111959572983187412117721368339361111112332211688377228123432198868171293577864716711978
5737113963711114931428111111382825169316511811467531142112322181381127611111111851733211151911121115374954611231811174752516428726111174255461813111116312322114813461121123432179932753465952191187771241
9237458562611186746397274356318861762611392411242731577122321166831894111443622311154111699611211984741195112653114742129852495711112364224378791113554112221156112351189123432163622871111126663161331254
2982456927558857841711579667936811117121125311545614857123321289915286118141638756327111812112212857215243116151142177425951111111953138618972111152791122211739117831146123332184911114833111122544176926
8537132681853959119962111263937111542191967471111173261123321996121691114396724611531116828122116797118811188911462545711111111121451136415411111554211222115272711671119123322139211612954511129166513458
9111221517515841281631933611172511739111581617895266471223321743349172118386643113831219941122137831133131867111696158554214831132877648111111273652112221175378711171611123321123111537262611545646755998
6911797119514163451141685291378741111189182378619441281233321728432766111494711115231217781222131221317831724418167311292335251116111111111152581911122211229385412111771223221197117655321111598983144481
6581571153599769238111114911215931435914281417878843221234321789111112311174111164791216251122196571184961737618895981122778211111111111464216826112222118191119111111271233211336314972951578852111111583
7341111186911154181481111115988183826391748194196494381234321396981112216111111384771113182122119635117821171118463455927461111911621522511187741122221145128411112119511232218219811884828878111476911482
5444555128811441141221211917467297382853211131911386141233321465876119549588471637324113962112218952811426197915321111111111115576731111127249111222111556617911124253712232113663831117671611127377117872
6151195285111142123116948462382121544894511133211434731223321372711118449364363114175111553611211733661111171213881111111233485122113274351911122221139851715811145119112322127567172579376117499811682233
8949964711177881118457135564513941171911789117691185441123321161111182111111111118287611157461121141579711488519492372724543369971367397851112222111542215147541117841122221156741116435191121276719498596
8374815511134511718156114971118231111914265511111169259123321193112845611858511938765791114816112117128527254119684312111111426751317251111222211181159884911111141111222211236111111185211322681963487526
6911121679111111753341712656139311111318444185763872947123322181111574114736986473146863111585511111114445641398617111116121189476911111122221113114542716117452948112222111361114197116511128112941726633
5918886963119438196137511793611111178411628629496491516122332112511123371218748174111467361111287122211118919836635662914912327241111122222111532631159457745626321122221174581165671911261111111161256856
1118682786587663812389111111666778369169111145111116452112222211851121857769114581111674336411111123222211111854579781697491111111222222111152912268711315232266111222211953891151247741464111169388111374
1185527927975789132292119819438792841591417196994961116811122221763127122459411247711112858942111122222222221111111111111111222222222111131365847562211828464621122221116667613115145671173862132911531493
8111854211666241179911111284994368111866624444441919112783112221181645812194111193291111185131444111111122222222222222222222222111111144119285111132111335748111222111613195325118414631185567475315931163
1914771146188431111113868421891614141113753669661111187356611222111962112398141111457151113751437864721111111111112221112111111111944125796711111681511623211122222195642749111113111111192419871118941168
3648741994315148211662415148668821437111111111111183973215411122221131111183433111111169113637211117761728997586611111711185548384931715611111118193119391112222211157882111111431545511272795814689811154
6466941646881191344357691466413715999695653167854175632119187112222111122111594621111111117684487381111111111232214792912911111178238311112111344932511111222221119141111851119688778827877671343844161828
9285761118757151114463751127361165927999111579343332156618836411122222222221111239653111143416937666659991221262211111111111963477711112211112647949111122222111374711212631187677831987481851139542411638
7722744113512119468465527111115513528892811432477111116611742688111222333322221111844878827218611111111111111114143381111539867711112211115137551111122222211191698117396783746617146281628785132621195181
2194185511118527277662418441618441111111111161541431421111283564381112222333322221111183671685265411111111525257314432793691111112222214589811111222222221115275811673478885314425111111111326111111725466
9384111298531784361111111848789269181174311411453538441139398618827511112234333322222111111139848394458772334968935611111111222222333211111112222232211111861218211111184219464111114987459963741964997351
4137811817337641911476861917713617255357128922121444792724286643476633811234444333332222222111111111111111111111111112222222233333343222222222333332118559579824459199851816511111726972321248996411111114
9538781648736844491182248374113874319741981837351551172113381977778878381233333333333333332222222222222222222222222222333333333333333333333333333332131864731919296293795514371112892271115185878119261823
2678161136114471768111161521519828811111111111111111111111111111111111111222222222222222222222222222222222222222222222222222222222222222222222222222111111111111111111111173995111111114736879385116881182
7554761117123849187341111113796145733734511111111111111111111111111111111111111111111111111111111111111111111111111111111111111111111111111111111111111111111111111117111396942367279332947464181162412174
2171861725164491717151695241528313188633384216136771455849638892537398258813414693496897462773412751727793572333867323168696699712461683829281644823797342572567114767183124797818321111111117481188633775
9721112317711363123119154896969774181411651297371111111192653611111524311916141111231193838111111776969243873237149175921111115972778183111436437332959111111117288988111111159354111757431211879119249887
3616425514411111181784871118346634628542111239116384111112511157911114299411111111111879421158164111714976761111946194111111111119933111111111117566211111155811157621169981118154116686382211241112616974
9132668154433541163731386341113788775161421221417271791181119993351121575147284256121475511351399914833316476426119411155479479116951175315294113113611137934986134496555732113147111159484111125187234319
5398318666982332261536112362119771118379311531751551111557151251111354494327255811111727317812979141747331486519115221167573589452341382474971137231113187827963654356478594712428511112917516289846954627
7969121554222652771122597111117841111365113159989617196324411111161544598286111111561721723879825273123799119946211633111644724916271452418524351197116292911725927393559164311246271195772951652418669813
3631257891311184333651158896713845911111122731724715559621254563627635666852117374971396583921363311111146391122153561161543456111392487811661318464128111119166719748684277514877435569125815746111115127
8571928185351725754599111974955467549792239713724458511421881987551675322865384364685237596654961117759911498183638857937866588125857193631111196718224217615733811263975415116759747115138239981138611342
5751635764144147361541911711643111111182935812371511111111124481131111111489429193744131111111764153751211572251196786884718647185279111158157711115435116617751314114175119136521174111228413852594411111
2271629225667178611958711686511411798336111181322632721929511681114569891118516412893898639911736117714987182812418593466527421181218166593726342111692112697296913611131111848112125741545421567867311699
3941196959631656191128111633834936919462831187857861554887116461831182961118429565113125591115372683259734497861754737935978787119452172724632111112478411141114585191111129479711188211693232147844112349
1644111111111759725111199421115411111111122447773661111111271239796911111131961771689111111152314397125674566298111111111163215441111167831895177122386868111151524357244311897322311111174544211111115855