4698185712255868839816261378783
9747194449854518256963686955778
2267953921329357713226848992248
7116292928732932872674848158453
1153547313238674562955846424625
2657334572286384887938264387765
7352582895727571151982996438817
9399729273828696277129326881439
3556832862153443539489198146794
3468354648367868175442362544938
5137788434621478521518726372359
2697396279617477874675879592797
3728558263925378927244321344388
6552426295465376619153386944485
1583355934233434758299764918696
834375427535179@318782324392173
1572891895934189885374942558259
6433854196146689235162486489356
2217972123943926838173477783877
1844269428995841583888587734846
1966258997295458366248913139988
2955444282572691675958969263758
2315816146843566259769685912345
8946198399988754588825151847388
2914924984165391379571728396411
3121554849384878399656713991148
7648258484891577817518398366119
2273249423631586119213516915742
5114686872681297164346996149147
9979968229845643248243791216141
4465587988783572266287673219497