33616571873726413441237671733145771722314384288133317143653887137438457854876664152367631537414341323
23461768153767546241861421627584412225332665732483364857353468683225764315648863116878268763484281342
64628645353674576883785833864712673488714356511168275516761371633378744842437648438167518612526325645
15352741471773274131376811412171214171243383543714517221247266218217816131485671782121346315677736666
66835167158766633216721668841742254163114122776426486422232756826764368725165326288352615161488326381
47173483221744655366116171234154151184625777215547617144658434517158176424464718264788442766627228881
57222375851457534767216345615388872252688717658562631677144788355578844247144114877437245168418626314
88535621451426257255261326322567617637261117332623612626575217373446175327641346884447145512386624762
25135172487646626423315446813853368431423352228632524436445553474856331838534431138854245552215752887
88425766323617871812573368124181173326717816786575284522125518184666785584153682212655251773135213862
43434165146813626578218521586452754436631278856585558148747223156782115351438826882167657263631232734
14234713536445738558482616878343141517514555795877758958666282346647162415258744648857112787244133726
16631586732233888612578427625586136637864945866895958657796756524868344266646856285527142728648572855
14858488764713632557551216414535815696757888658696498749468476896441143784832262337367115381152861528
77755276684416667153724457322313819676658494545848864556477885848657456787713168561421556233586751841
63821685736138845517284617635131778646659654549945998496554579688977658768482418366225426362162464334
42658774133441728674117442476278546958796468485569588495994549546798456823244844786533254717361548432
37428641157528655345543745265996687559579678589944884896967878564944555647125426182846711127231253714
52758648234171335533227881654468584896959794455586656669776688869477797456484271453482782726856637814
52558163223363758243416858465788577658874675566978749897584849954648676574987716683614715432126713321
13531742383528885218428168657454948648659797664848899666658989475567478987946388822428852267165884247
27874726167313155833726795784849978859866676598947688697766885786556986654579945171327451881742273777
87617846873573641656889769984685897474794746686647778969856655545565479798865549647331837272387853164
56458712241585271357766587956465864796755944459465954697857756565665759575697474455148171528224827373
86722644617242858274688964758767847699477594578754649666656468468868445568789854467484532271412643747
37454554752814822286785695446779647495749687786898467758494558575664644589456687561424251763712424254
24571667488812615179956576678654575787794844487798889454457874599869756745448554746615556137183135786
14523333617768474898964998549844695575778646795846858744996669954446756888446899974785441884766686745
41166412273354831595794644976976584967848578884448474465587494688887785596748757785873762285324541688
38644167445333878874497467486778946468885667874478799688496554774469897779888748957696414786875686467
16755462624245319585458798898894755677549864956688688785987875497545777584998889847694173788857288513
62251874333336637878766655649764786968549849688547456766558868679789444747864789999597128475747144453
28118483548888147759558484585454558487766466966958579887695757478795584656966887689479535225247886471
21828138361336574799757746565769675748865559949785758587589485676654679868788698868446527782861883826
57152312523514645549755998558947898489577568775766844986495468557459748589984779458947656753757111244
12356754862728844594686578486844456766464464564866795449855978486556559986598999548479778256234678665
63717744813639656944495676876696795848555694846645447494754469748894446996976666885964985647283374681
31381616586767465856578467479475558846589988846969555864749678844599474479764788748595885653311254135
38627875647635766686857687897785845675787467978988797787544995754469468996679649766674884721613265238
58743354363356956575694757885586554789784976674464488859467779948788755466947874494475845617615826762
37212282158367665694768746849787449556998688799567459545789568986966854876544554566649455782216148561
33678144588564764687476867658544899564484797858545646887788794855595744449998588797766979844422176266
37373765554456879996454686678477989466777947667996997995687848664469448957466989464444869834837354641
32211416323696567546648889447657769695875844444785784544759788567695946555794846696566579791158275687
44154643465659564659769569948659995665575679565598484786475584946948576886898855657866749988588214332
15188771415574487876748796556856484999764494868988897656666996686579765875567959475554555772786787418
23142873184787448757784496787749765985479779898587774677886445696958996867886564968897457581827656513
64368858633775785854548659948568988496968854449758769458795479748764556679959749988848988463532852565
23777557616745648875674569657756457578569546868585465996475847854578746744667659496447789543215216823
33722145883689494995574465675465594894955879546594664479849854984897567848898945454854554488561786451
53515511267994989644445968768475467756895989559897@89888485648764496598596744548688956465744843435841
26838867138574965888565696459684976765944595887769459848944579859659849654869954758444845844626536688
15367273274595445497944897964856858658559569784967855794977669657447456995597995645849756986146555143
13767685182978465454486455699768546498848999899878798999647994648976779679558587995969858684142823272
37718218865869744949644876797694695896849576856489657994844698548956957544984966747845586697664182753
86732761333898877666795656957557678464557858495579766995799546787759588478955568596965675956787258515
86125545752576774577798956688859989444695946495475446676844644855999594746647455467899777995461867817
54378687151897847876786879446864864654647685975985858879678988974649567859985568795588976446688726621
76585783222556854877995879945544864465869849694958986577745689875968684699956746785986784593472627777
51516188847177999976749777797759445495459444877646484587954997785584647787998954585975547571326263286
76765615734465978868449596677867849558857487794459447778876556844486758759468697696664748941846727823
53527112653869664467445577847745648468977664694977766797746465567666665789574754994947655872232184622
54552831557466854696468545668865865979759756957554846557655949675665674584779688487795754974611736451
24812775146866666996994969775944857695557875756649679557758675649767545874544755449956776273364638732
82184818637748648775478869674694548866976557457754648969584946588986966699649844955996488113384674256
35244362478819476956794958978577684465449975786679599956478868688798988848869579995867758314823713678
44513683113445686878674849557999869669856486587787579846894949478464969897964775657574944316356775875
38664288516627498595954649456648998886975967994664489565784774756699857685965886555869598835157227465
81581243577743354597748796949748886896645857597447488845777467874897564797786877498559982726681314846
25333624682624596857676956455496774568894868576845877744694764675744794546988888998965577446434147164
65752427746831289556958657644449698676948595777584445859689796598675987447448457474566557771426414627
66822441824333276985899869566945949759997656594858776947574765479575644595798947556798541261334452521
74433262366873875846856447668759575866484944486686684898675964967757466849985594474442178884658644613
46227736747388635766984645496866944496884584545487897477967869998868455968974467494657876574377725281
17817548137618317557874796777565895689694748598885878559574767577576956744884486495587817412558766222
46846371576876645744747456686779686555487754779674745788775784759895476546874849858456122578287268786
76663721211157541173859944767989564979484464886589856758696697549464747566884777595728131588681268477
14815113662253512115587684968698775585794845457479456659569997599955655485944688624384577824363166231
55383418474648326378649699774897694747959787948648899575987768445889684657498785735681264814757637766
41834774428767263753149988457496475799884575984648495658866775785945945499444754333123638733666268642
62182136267823852628321966995769898854584776978999977568755797559789969578896672531575556381473762354
74366268441157624862628545858568544547587667859587667774758985479486998556748628377816382781347236142
44445775662674885618241241856786769854448965789478675659975979897694597567562737217853733848428676282
24877428417566472812125262355654898766579477855978846658988894696766448478552247326248571166257318348
65428326888782411867543487738756585689497687947694894585776497878454599455512113413166518486737672143
15281538742337724616817111643799575468475887754875955954457878688956497758832166638544731435644187466
13354137562338821345785186775513664596968688965848874754459789646656885222847583543562413684378211122
31366262121132444184773566831313824658569457755794555687975787765759228251387328146825122778148382187
26373357147353323286575711711737423684855476787544594685764766586783417366853163835656741181775485481
68183354716666387356154863273111183534876774895878857599565544813531666831158568314521817383422351534
73216874135555354378568711236825275774664317965769856596495466222161257142322252776812642478833827847
75842738542131718738743831135326834712863146344856484321263734635176526447215232277171437415811568867
75275171145414616375274233177365162628834831671817464657451375861231257323754218287734168113562268446
55673184625723334675416665215126164568416111242717111564112183183515755518727868753156876863335753161
35211623414412714186257424337244715116423236712472347486877553216767181161483653542856726436545684341
34463261462523864173366357385412557844716213872176183461757525174662318427878133336735588133721471224
37588327455634868762354187122215541257328714137676236318367632378183826785132467434342245128756887273
12531156727574648553187352643462321452544373635444458556217167812585751278578333181234643746647685273
64514727782625417682374147688876568147615882883353671262254431424384756458722883824647451581758263354
62346526131584448532256264154847827346521411455487685375777163824317418821823378763254373181417226241
13231561523477562231115177232753775288527884573317817221178132148851245782387166834123127147764525615