4648844875588578468857576745876577757675467746547536557346354356463463465574767435467554736655444535637788484746558488847876658564655647766658747574558
7865474467466456778447645467558446845566586566753743345546655474437644365367336575657333464474635363476755547774845447854457475657646476665786755788866
6645777488678646744675785746548686486658544456475376777554376464635646767644334775443377333474466365457447778884764785687456856458587687747585557487448
5554746488756744758757548475744867764846765664646735534555346774753446565646637644476654534445565457636365553477745756886474474565857847757447547867656
4854546548848658684778584764766475768677447754453744475753635747655465574476534666633576573457476433664343576637845657674677647857845747758654588858686
8756864557664465464747768745588567447476453436563636453457435763355774473344636553664656557655645756655653753555565575864746476557547855668775588477654
8788475655866874776778468474866874674335474556553735454465673563465737546745757646344643544445335454546665366647335684475576778667557545788675568646747
4865547588675464874647444664674558756665745436533473657645344434655665646735766433634343336343565473476734556377476748648746768484586674865688584467678
7547656466576557547758777458577777635757764575365655475567334764455777777111111146564675354434655643563377357646534656754476685668858477787488555744748
7456746864776548466764746876884645557744535453534574455444544335764451111199999114444376475757575733777745657435575643734858867648547846746668657757867
857558774748786588555668764877555645575737767353645547346533537455653199911S999916436465467464633447543566437764556343577686685665446777664644544468887
7467547744448766775774887574637535475653535543676345637447535337663641999999999913773533443465747335437734466575335555453777678588644688765746858586477
4878485445446556755647545875547663536735676455573456343333763656564661999999999916754753664334746457674333444743463664664334666677758746768868485666774
7685447864667764447858874466546634655737476473433477445473363334475575436999999317433467546354377367376764734653534675574573675558476656764544458846546
5856785854566558864678643547376467363765564545345453463574735444566346676799993417745746654675376575665677656647344457366437733767787744656887487458567
6685878486488454444465873473575543363577436653463534334673756545476337666557537466347676673634563754774565545374767366344666444675557576578456674786687
5675656467655456644585533636643574656545563737475675534766467543743657435744657754565473564547346447733457554346533475335435363658577746488785746688847
6584747848586847465476745374655543373443774675343544463367637356633734537445577365476565444437355477573467353357335654533756454576758567658585858878667
6658756878455567688753646437766664766563364664766646353347636763334476564357467755663655375436536577474633443336777553653654355555746686865746654745766
6886454768778775466747353643337657775364343544565754656545477345337553453354773655553535673474454336574336756375455773374465363657554685586874684588846
4754766756475456563437765357773533475556753644635374744464536664633735665535573374355735336664466353636753746345764754473657443335767885664788577448665
4485446678878444446545345677457337743565455653463565654557335637465636744673553534557753345353335647437473744355564457676467665763346444675664845668575
7668787547485647436657643734654647666455464367377566336637356464446543374466253544667777343373434665544565677657365663344463633454775744486658664485787
6575447588557786655666745445637663373365574336435663535767475675425243542542564332636456477734675743336653676774565436445767463364544553784685464578555
7674687666578733745357663375636455733433576475356375375466344663365646346246353332623666653747343574765545444337774467573455774633743646475585868778565
4855887444588646634475453636746343566365575467763467476656455436235355254344533666422262443263463735333653764775367765364466547747744573546566874567756
4458647464557537535376735437656454357634754574536375366456624252465625664563243362624436624655547437334564777473563646337334577743537556338665876577687
4585585557647575445355537667637374765634733555474346724254265336445524434634434454633562626566252343745455344347543776573545553435563554674656785564558
7874856448433464777775435343456535677755345437764576543322663444333556445625535532652525322426653653337764434436444746643366547354473753344456588768475
4448778588646763755444344737757474467664734475744362444326532424226622662455442242342666532234566533635453657633464435335436766577463455577467656844856
8644478665655565756653577765433544334733677664733446444333365442544525346335534362326642234526652665443443756436343347567774435646336533675645774675755
5657885576376673337635674437376576376454335637455236646252664252355362523442454524633423555362352444426555357456645537666654575353463673733535444577786
5877847775543654653774655553633347637634766655365624343336646565524533624546526242434466244464422435222522547644755637555577653744756344463646646647784
8888745756436563457377657737736355535376365345564262232646546546633336334453566333434442565646353256233524366475364533474554346435755765435375778486448
4874684557565746353734357437747543743644455562435664364565246342245264522454235546335555453352652236322542263654567636553775545567677655637564768445748
6845878766757744446545336446377346566365654465326533632623623635423342456356326546334522653453535664226443525337747544447735544654354553445774735485645
5846547333475545666556665574535337647366542422364645263655623233523556522436643324442356626563656645525332464255763745534435636535746643446555735446444
8877875456457565576737537335445564653532564354226243462655425625365555456222464654446233224424436224545234625556355656454534633773357765457466575555687
5885777545467575554344474776774467666525262266355432442353423544565624265326222342253422534553265223236542224464446443773437735774434674475455537745687
5666674435544573676444357657747754577456633364334543456566224564342625462436435532352266655544424642522333535445444567737374656367335653565356536774565
6857745547633537767333546353346644732355243566323455443225456324243422244322463466654224342222325353445656446556254556676633734747533477545375567666846
4567443455743676467435663345353463566656424533242544266453654363546522634222666622463336236322353433656324455263564474557544535377734634556357444377445
4857463735667344753366465347376737362256263252344254424453626325663344362353534363334453362525365253525245525223336665646745564447756547763774574673484
6654573675665347467545447663344554443266452366542465655665426235662624636352432226433325645623644335264325444354363356533565544357334563646343343735756
5536435633357547577655645735635332543346326436354332262452665262432264643532223523534664563542646533266436322523563423563473567556465664353775736743564
7677737754433353773376366735447364546326423225536263235664423622354433234334545356424652562233626454245653536635342426455474374467566644647467656344445
4653653433643646677556437753333354544566464446423456234244454624434234223554522536244234556624635555563233364565264525446447563377646634376676656333458
7774443553754553475436746477573266224643354356422232355662562225534524652244426644226356452644234443536433354546655266336743454746456773335663567344546
5377637657546663647575747563344354456643665552535443535354254532655356342253362233355533533223443553254662243366665524626463466473743775535757345344547
7545664375457557467673375367524664346242523252336544444346443255223263223235234255542456224525642652332354646353225266354347535345657563666755357637464
3476645553333766346376456367726244325232422556435226553534466624234223225432244354432534526335553244356546225346524635556273533775546373743776546766355
5744534436436557456333355557553454666635662634332343346355322322343345354342234335342446466453343633552232254553335345643256767557455366743765373333346
5556557665566375574745343656232445433526565325453243453245224425352353534222554533452525326254443543424654335655664365555656676675776333467377773666643
6574364534564443667766477754332664535462525434542622363266652322323552553545423234552545245535443662356564624654635533656666366557673364743566365436553
7655375777434745333564764545423553654363466552225563452262255254543232234335545443333345233462554536562254623325322534636222777666666355755364334633655
7773533577757735637657553552442634524646333622466454233524544334434444433522352243555352232432446333234623426333552224453655244646754445647367443665565
5465676337434437563455437455635366345252364445336464252564434223225343434433232442434443524432464366524534532322636446443563355465765455665554377767475
3775757333463377537444477742625354354365646543225344532554324354543342523252352334344354234433564646323363235435526342433263233463564336433753474573634
4546657443357743733663576345644346625365463523663563323232332342453535345332355242355252355252523563536344256555235345356656326566654647477336545365766
4655564746653676765756433255452653433435655423364226545342222442345525432324332435223445543455455436523652546423622336234242666457563457375765673467753
5544764773673643555477743566525446652653532246362232225432334424524535422443355244552235342233433542234446346354263252455664547464377443444456456735647
7457377554673345633746354346352325445344354444362344435522234233234235342422534452553552242233532424526344236255456555222532543576365345674647477453337
6637557666377746447674776562324465232264635432563252244555525354253345523535543242443323544253453356653326432334655245335535536744655766545754433347476
5643757433736663563363752522356655535543344562565565352355345443545254254552433234223433324345554255523426334563346444635524563374563563763534473555467
4665475353643646633437766636324244524323652224552524455324442334534444345353552342425453234422343435532424235432635522222623236574564474667673634377745
7353563333773574676653552466254242323466355554435322225335322425534244242335524334324235534222322225246523326656565362626246665564474734457534657574663
4365666446735475666363352664224366365233426446642525552352244324355433433343525554442425335434223245624243455654326644642642444557563757657454563573637
7476565533553557445554562425553655655532424522346435443332432234453542523533532554455243354342345555462455544365632433352252342253655365477366666634633
4433453356334745346666633264352454433445542254455423233252542535454534433522534542352522434243355532446352643265626626244553445537537736373476545647747
7566747776645735555544346365365633234433525442334524454454252434243554242334524355454324353455345355533444352435643446432545366263537676557673376757477
3537457737643744466563654255555566622222662424345453534353224444532323334225433553543235223534455452433463655224565466323644524343643776563743533467774
4564534555677735445756332464322626436643245452432322335454324534554545522544322354242245255554224434335353654556524624534346525443643364464357733667543
5556546644464464647447534323222426344522345624244424334325453424532442435524325332225234344523422324426326364345646534242225225447676346366767564573553
3543655467754637436475534654256235444645524462424442242445544533353545425453253222544525444345424445523522552563663646343326655573475743464333335647665
3345734777543667737434443464225642342322654552555335522255554333532243542232523354552424343352223454323522435425323456246644642325566664374755454777766
463373675376767367644754636235364654645242453363523434244442532323253523223@442354322354335245252355354235336345632332634466264425556656335535347745736
3344647435665653633466454252436263436544234424333324343234452554253452322499935324443342325444342535336334543566455664624624225346377753443377557733367
7577533677634575545566765566523466643425266523223243334425354254432234453499934434353354353343554522535634666233366363223523254265333537634454373564554
7354433454477674477434535254652542646663435663544552335332323224453223332599925335435325223423222522452332346252622353346224425247635544774654774645334
5663545744347734643377755342223365364643354636632453432435553544244334542299952533542443443233335343224265253633543423546552463577747573735367673447777
6743345757563754666556346442634246225266425555444354443252432323423345422299952242325323434522233225534524423344263353522234423634365374776677564545656
3633475775633455774766445455344245525332334322523624222542553525255325254599944432343325434224323434364643522625556555535646556374437544745754556674574
4776645355746457466776526542356424353434655324522243242442434454443335343499932342343443234323352335345233545622454223354225454655644466345764755453375
3667743337367454733745766623254254456555663623445455525425544532324223224299925553335255445355423352245243466434545234254566535334343664343357455345556
3777464553474476745734643666322432455643532232324254255243222223333255523299942422522444552352554452366464324326536254543365326673443543555467435543574
5637446335457344336373543563466435242346223336662553352325544352343254422299934234324445355234435355324645533436566663335356233367367356636675554363767
6353337463676763574757535662335666324422653444652543353324222353325354233299942523354243424444342534345464462364365343336566636335675344567677535636375
3476753637444567357776745552355562244365553462622454225432255255325235225299924335222433434542253234553553624563252265454332234764463753747745377375433
7373343375577753434734543434654566642565326553544545223524235233422443235399945453254232422252233423324262424344542442342544364655534576777644564657644
6645573756644576577554576265434632524552353562363536232322435252345432524599952245245442233224545254526322563242426326365334342374343734747377746744473
5776337753354535765373656645654543454366463453544666334222224354442555524499923343545553535244233224426433634245446525625632555753657465744764465574736
3333473667377574775375673324654254254542452556252644424455255245452354253499935533335452555325223334343532252655362233655454345636333457777576637644365
7745435773646553457336564224263236256233263242526254642525233345535234354299943553424345553443426244265522552442425335544336247566657554643663746474636
7376753434643773655736466542434555445656336455444453546522224432324335255299952352232454544444325233364254454433624634634534476554347337643555634763735
7567546363476533635674343422553634336544434363335243524442244224344325252499944454545253354453645622533362232632643345565425676544364674747436463773354
4536564736536477534466773733352532235666242253232354552463332324533235442499955552432232235524664435466335562253423446222225247474536736477364476565457
4445736533565377664443766432433636553553455262533636655435334434222422324599933442455545435445334655243532234355342565242322546353453354575667744457635
4454656647543664343653776333256434462426225466554665436323353435533432225399953355354444352424656354322552236222344243324433743367433657555373735567734
3633764746665534654555473744556224633234534522353526654633424435334335243399945232423324564434245362355356563653253654655434774637453355435534633437377
6747357575745454775755343345443656456263364524535366362354256526343252353599943432245434666464544326426622244352255465434523346553373635566363357776674
5535646764376744453556665767633534443524532436553433546343262646533434434599954444443526262332233325636635255523335243555646643355437443547743644464375
5747544476336456764535343566655226323454353442364335353336256455655666345499953436262423652646566353364442245453246343322536557473645547464464573673777
8474365753377533565757755573445634252623363535444462263523435665545635466399926433562623463225454444224662656536533544223776574453337573646377373454458
4533373675357566543645477645564263266352436433336665425663364564235564556399935244246265224253332656624643462346624336263535676567347565545667373377477
7774433336333375336447546667563464526342634634546433242266244655622542432499943656644363353254433545636432642265544563326335634556643376644443373743375
6765474543775763543644775737667732232626525623636336652565653623543564242699933253524355626246654225654434456265432432366546456444373453343636373533346
4855567637476456476537756743643554565465243636224342266446266653226222333399923436454635635563244242664256355545454646336676743343734375645747466465565
7546373673567343536737535663576746344226663244454633525644536252646334252699953353436563425666224654223543262656452465644535734564677476575677336645647
4563654575655565355766775556563637662664256264456563635446626632425453325499965336653353262632324353443554354523452344344334565743675476633774743774565
6577667735335745754535435433567637746343455532545523262335656565353643323399953655555325342336436453335356244454465235654543655377574563355776365675774
4567676577567655777644375534657357466353443245436223523355325554655525633299922636645233664643622522664624622325465763774777656757467474453566455537885
4868566543356673577445366575736745675464633235422533332433344255636345366299963334244442224524443626643536223555643567747435574456574456536453376676447
5778753544746656634644553473665365746455532543346552533444233446554622444599923435243345623334553665622266645536473533654365737357574757657446534744764
8558475744567673635544457336445656337742653524364322353534432665545346246599932436254443652454652253232366423626566374665557477465367756355653663544678
5455684473777466465747345754535733647637235325654565526546526265564465634399925555435552436256252555544555562236434747665646636464675377547536677648564
7775444664353465477767373453537773763445635445322626343556642566623426653299945322532362632233632346524322562537373766676636647736364545577433678587844
4864687656547543656433443555533473536333674632552445363562255646335463253699955255462446563342433466663426555535475465465774746337775566573654636646865
7886857433533775635764467637433544463643473235545635444236564425525426564499936542433536354366563426422545366335754666444356534363665456357433586475865
6648588547364665474444674333364655537546366743422543234242442526554646562599945443254452263534622435254235234476744573554733777444567343433544687578745
8585468657357436657563477535475743667476664655465242536642252256226526325299964342654532263655636652555327533363335754457346353354734544554647866476588
7886476645566476766765637635545345637353645353623453656335352644554222343399944625356622563523222544335577353357564433633375576336565733676647767765674
8774787886753564537737546377336376774673663535766624443523324633626533563499925223434355434666463435655565677443756353455434746434355653543448858644456
6677878886455577566755437566436734757436366456443656654264662443533663454299934235542623646352533232646354553573633433645475544465433665363667444665855
4747786467656644464467444473467646734335765546473673553362444532524453446299943524264454552232264244533733733636764775366665363753643777634764845646585
8448444554577345335663463556747643654367743674354765466256663334634524353599953663266353565433325467543467537763363467654756574546466544766645577874445
6476884646884846433376643647646773443467553565565343757776464662226422366699953625235434536467345737355376367375347465664446744454747664656756757464665
6567567684454673376657654767575756734653575445774373657634437362363242364399952653663426326446333346746467664747743567574566347443377463576685664558544
8686884455568486534463436673447743334546433656776337674443553736556646664699953244422455446665746443366374434574443547373564754335643553468484644645476
5844764744787466654474433547666466733465333434364366553576764753544666656799967457366557546543674554464734644456735754663667355646366345665567777776577
7747878484848765843674337546674777654756464545557375646335746765363744457399945534665474763764757733563353564665767474636676357677333555568446578764876
8585584587886467684653564777353663545576347447334535776475663566447344437399975657335354355736754664455766636366766634365773537374737475465877658485588
7554746544587485575745655453475564756345466554465336657576375574765356667499957537365354756533375333775533765635555373564763765555647454485777775856778
4886575487748664847467637567757755453367766355545534566573737633364574377799964544654656567535334347456533735443363345433456534734574874777765556746456
8758875765748666688857455455747635567765335765455576455664643744744664537699934763357636355367356375644555366464644763634753573445887844877864575875677
5576657657685885866687554764665335566346436533766436456764634674644346645599965774377563763366377466547673335465633434335654353535855564656844674564887
7477554486866554485886733647663457546663736534753573743654545735364363557399976444633363376536344775775467744663335567364647737347478667568576765747464
7488648574465448647568647366634634576535473745777347534357334734475467556399935476643376745737567765666566457476774354553564574488568847878664574648875
6776554587477575648657746843336447366447544377373473566765634476645766534699946776745767544574656436353734347654733353633554766686674786565458855748856
6888685666677665864665766866433336654373557564743373455645766655375353563799963644675436674655377565663457463557646564454357758577657766866647847778546
8848476867546767467767667878755775373363743556676766745374375677536453737499933774477546634747364667345554357576765356664537787486868855868547476658776
6745884584558755568675587546853544636347433336756655356753563766653633357499943635645757633365563466365435556655775454653456586676658775476745666688474
4486647476866868474767556868778545567535574745633467335537534654565576444599943673667753376764466446364747353646644553735865685456746448855655757674484
5846446657474655574887646758778746635674666567466677476443647573476533355799973757645667634574734336343444334344576367746555468755777667745554865446786
7646776588565686888544486786785444754637575433353566536647654565754376556499936463637633566647345477755536334653545346785766566674645684877685864756546
4664464758875688465848767654584868684435746344666543736654347336767437474499974363374767566543565674356777434634634657856456456648854664484676777477887
5844676856674664586654744788884477455757653364767647537547535375574666477399933355473675664736344545564344673677745846448478687865878648867786658774565
5458485875458574654864887557444876447446476777474647655556767776644336534399955467543466673743774575437367574366768686875466467654756577867544756747846
6787768544676786787787845664864445846684857757333435677655544475575667534599934476774754555376664547565473467745647568654565877488767555886774564864554
8784848484584464558477448878685554648656777545347546343775476436765546466599965776677754736574476356576446666645758748778777658688864757777846556756758
7654786884766867585876847658875645757564848678475343363453564576553557776499937344557675454574567564544774856867464845456466568844846645758774757568584
7568484655444475845644776747474446467487556647764463577666566765756737754599933633777376663566664767337748564448456545458846444677466666888588475766878